5 500 10000
0 1 9
0 2 3
0 3 6
2 4 9
4 5 1
2 6 8
4 7 4
6 8 10
8 9 1
5 10 7
5 11 5
9 12 4
12 13 6
7 14 10
14 15 4
10 16 3
10 17 5
7 18 1
8 19 4
18 20 2
0 21 6
21 22 10
8 23 7
15 24 5
7 25 2
2 26 6
16 27 4
2 28 3
20 29 2
1 30 6
13 31 2
21 32 8
8 33 8
32 34 10
20 35 10
26 36 7
36 37 7
14 38 3
16 39 6
8 40 1
20 41 7
10 42 5
13 43 3
26 44 1
35 45 8
41 46 5
42 47 2
40 48 4
44 49 4
16 50 7
36 51 10
39 52 8
48 53 5
34 54 8
41 55 10
27 56 9
34 57 1
26 58 8
14 59 4
40 60 7
57 61 5
24 62 8
24 63 9
49 64 10
8 65 1
63 66 6
43 67 5
44 68 2
67 69 4
25 70 1
43 71 2
52 72 8
63 73 3
60 74 6
50 75 3
45 76 1
36 77 7
71 78 8
76 79 9
47 80 8
67 81 5
63 82 10
80 83 10
78 84 8
26 85 7
8 86 2
15 87 5
22 88 9
21 89 9
59 90 7
68 91 7
42 92 4
79 93 1
13 94 3
58 95 6
22 96 7
75 97 2
12 98 1
18 99 7
50 100 9
6 101 10
90 102 1
99 103 8
55 104 5
34 105 9
0 106 5
13 107 1
65 108 8
68 109 4
55 110 6
90 111 7
53 112 1
40 113 1
21 114 5
79 115 5
38 116 4
82 117 5
46 118 3
117 119 3
42 120 5
24 121 10
110 122 8
18 123 9
71 124 7
68 125 2
107 126 7
60 127 9
39 128 5
59 129 2
18 130 4
95 131 5
63 132 10
11 133 3
49 134 8
103 135 9
66 136 10
125 137 4
24 138 8
114 139 9
52 140 8
49 141 5
4 142 2
9 143 4
107 144 3
6 145 3
62 146 2
35 147 7
93 148 4
119 149 8
20 150 3
92 151 2
44 152 9
41 153 5
117 154 9
139 155 8
132 156 9
25 157 1
7 158 8
134 159 5
10 160 5
132 161 9
14 162 1
97 163 4
104 164 4
47 165 5
88 166 3
80 167 9
133 168 3
0 169 3
134 170 7
57 171 3
95 172 6
144 173 5
87 174 9
13 175 2
112 176 10
151 177 8
153 178 9
7 179 4
108 180 7
153 181 1
81 182 2
120 183 7
183 184 2
74 185 6
27 186 2
88 187 1
161 188 6
14 189 10
19 190 8
81 191 3
3 192 4
141 193 4
42 194 2
64 195 5
60 196 5
175 197 9
102 198 2
143 199 6
143 200 7
146 201 6
13 202 2
196 203 8
145 204 10
59 205 6
37 206 9
99 207 2
165 208 3
2 209 1
73 210 10
191 211 1
86 212 9
125 213 4
16 214 7
105 215 7
185 216 6
65 217 9
47 218 3
40 219 2
37 220 3
54 221 1
128 222 10
63 223 5
60 224 6
171 225 5
173 226 5
187 227 6
105 228 5
20 229 5
133 230 5
5 231 6
137 232 4
153 233 9
103 234 5
220 235 3
103 236 2
172 237 1
107 238 7
15 239 8
186 240 4
95 241 8
111 242 3
214 243 4
16 244 6
156 245 10
190 246 6
76 247 4
162 248 7
224 249 8
6 250 10
188 251 7
169 252 2
119 253 3
189 254 8
22 255 7
138 256 3
117 257 9
72 258 6
133 259 4
240 260 2
66 261 3
77 262 10
240 263 2
50 264 2
34 265 10
195 266 6
112 267 4
65 268 2
102 269 8
177 270 7
265 271 6
158 272 1
135 273 6
177 274 10
72 275 1
6 276 2
181 277 4
84 278 1
139 279 9
276 280 2
28 281 1
223 282 5
265 283 5
280 284 6
95 285 8
176 286 10
13 287 5
204 288 9
40 289 3
74 290 2
138 291 5
148 292 10
26 293 7
72 294 3
20 295 10
51 296 8
86 297 10
177 298 8
239 299 2
250 300 6
184 301 1
72 302 10
50 303 1
274 304 7
276 305 3
256 306 10
160 307 8
119 308 1
249 309 10
208 310 5
197 311 3
69 312 6
164 313 1
18 314 9
85 315 2
11 316 7
207 317 8
224 318 7
12 319 2
228 320 7
271 321 8
7 322 9
289 323 7
291 324 2
151 325 3
88 326 8
286 327 8
76 328 4
192 329 10
37 330 7
91 331 6
247 332 3
138 333 2
299 334 6
260 335 7
310 336 4
147 337 4
225 338 2
194 339 9
328 340 2
262 341 5
50 342 8
223 343 1
181 344 3
60 345 4
144 346 7
248 347 8
286 348 6
103 349 1
190 350 7
31 351 5
348 352 8
267 353 10
80 354 1
74 355 1
173 356 4
295 357 6
336 358 6
252 359 7
148 360 4
318 361 6
350 362 1
3 363 10
4 364 7
9 365 1
272 366 6
289 367 8
121 368 6
131 369 9
204 370 7
271 371 1
188 372 3
20 373 10
302 374 10
316 375 8
357 376 3
94 377 10
24 378 1
346 379 7
328 380 2
277 381 4
147 382 10
140 383 6
179 384 8
287 385 1
70 386 7
88 387 3
144 388 6
341 389 10
22 390 5
311 391 9
204 392 6
111 393 6
121 394 9
85 395 8
316 396 10
107 397 1
42 398 5
245 399 10
396 400 6
107 401 8
16 402 5
28 403 8
260 404 1
363 405 2
313 406 3
348 407 10
13 408 10
116 409 10
224 410 10
199 411 3
242 412 2
96 413 9
380 414 2
239 415 5
361 416 9
346 417 9
177 418 3
335 419 5
5 420 8
375 421 6
236 422 1
390 423 6
412 424 10
244 425 1
65 426 3
351 427 5
260 428 5
415 429 10
216 430 8
229 431 5
15 432 3
227 433 5
116 434 1
78 435 10
208 436 2
241 437 6
157 438 3
237 439 8
148 440 9
90 441 8
109 442 9
397 443 1
68 444 2
373 445 2
81 446 7
332 447 3
192 448 6
157 449 2
427 450 7
21 451 8
147 452 9
181 453 10
77 454 3
23 455 2
347 456 5
259 457 9
21 458 9
434 459 5
319 460 10
28 461 8
415 462 5
17 463 2
177 464 5
442 465 2
103 466 2
296 467 3
407 468 3
189 469 4
331 470 5
437 471 1
252 472 9
372 473 10
260 474 5
149 475 5
425 476 2
50 477 3
257 478 4
94 479 10
374 480 7
353 481 4
35 482 7
357 483 2
236 484 1
375 485 7
261 486 5
271 487 1
66 488 3
193 489 4
219 490 5
472 491 4
50 492 1
201 493 7
350 494 4
71 495 1
67 496 3
54 497 4
370 498 10
114 499 8
192 46 5
454 136 4
42 74 8
202 349 4
122 176 3
234 369 9
315 372 1
109 171 7
487 423 8
230 158 10
303 345 10
293 183 8
374 456 3
470 25 1
365 374 10
132 287 8
467 157 10
174 44 10
249 149 2
132 40 1
359 361 3
281 150 2
29 86 5
140 266 4
145 424 4
305 220 3
221 275 4
127 435 10
40 378 9
49 341 9
57 296 6
185 36 3
4 265 2
331 390 8
70 253 3
134 497 1
175 457 8
354 241 8
258 17 10
233 81 5
401 161 9
349 150 2
155 219 1
27 388 8
77 111 4
206 39 3
248 207 10
22 233 10
195 487 3
354 409 1
306 174 7
181 433 10
20 236 8
313 199 4
222 471 8
309 90 7
65 492 2
134 0 6
287 87 1
217 323 5
259 191 4
173 425 9
128 472 1
203 201 5
196 93 9
213 425 10
56 463 2
320 54 4
430 277 1
225 222 9
352 228 3
202 238 1
425 282 7
79 460 6
67 363 1
241 94 8
475 484 5
121 302 8
453 148 2
472 349 3
86 495 2
247 487 6
268 210 9
268 83 6
188 283 9
106 48 8
205 425 1
10 413 6
343 492 4
418 300 1
307 54 5
494 168 8
110 270 6
418 138 2
425 107 6
67 459 7
29 311 5
489 407 10
497 30 5
160 457 8
336 405 8
248 238 8
222 492 6
488 77 3
399 161 5
120 464 4
450 47 8
46 346 10
261 83 8
90 464 9
47 181 7
342 437 10
86 285 5
405 208 9
299 329 2
488 294 6
463 171 1
275 431 1
285 195 6
204 430 6
294 84 3
469 420 1
263 373 3
382 323 2
87 60 1
21 348 1
401 52 6
465 322 1
368 190 10
206 132 6
380 398 2
440 163 10
192 352 3
455 410 6
227 210 10
221 283 6
187 450 6
204 449 2
116 58 5
34 197 4
384 492 7
39 157 4
96 190 6
289 19 4
465 260 2
359 440 1
276 192 7
484 420 6
119 336 4
460 327 1
96 293 9
446 300 5
226 485 3
255 218 4
217 386 9
25 365 7
59 330 2
472 171 3
168 28 9
41 77 7
157 405 7
165 134 3
215 63 2
74 133 5
415 431 2
225 353 6
83 245 2
363 296 6
123 446 3
119 47 5
121 152 8
467 209 4
317 43 2
138 243 10
73 90 5
224 82 8
494 258 10
419 356 7
29 178 8
426 114 2
220 368 8
49 409 7
391 324 1
350 483 8
280 216 1
329 34 3
113 481 7
466 354 4
159 154 8
313 117 2
279 5 4
259 476 3
227 232 9
43 406 2
459 73 7
337 228 2
140 390 7
293 51 3
82 217 3
281 295 1
327 194 10
399 133 7
367 415 2
11 37 2
234 498 10
98 424 9
308 86 5
475 236 1
195 290 7
410 363 9
448 127 9
161 170 7
193 202 10
375 231 5
51 199 9
486 474 1
136 272 9
426 149 4
231 346 8
82 168 2
302 122 1
286 487 9
85 155 8
238 331 1
253 216 5
368 480 1
265 252 1
317 473 9
8 257 5
223 53 4
26 149 10
256 302 8
230 453 1
193 32 6
396 26 5
89 417 3
6 279 8
135 55 6
32 78 6
10 47 4
431 5 9
71 470 3
462 332 2
458 142 10
135 429 2
17 286 6
336 168 6
204 463 2
470 369 6
251 411 7
455 61 8
88 425 3
180 132 8
194 346 9
234 383 9
4 397 1
313 304 1
283 479 10
14 249 10
339 163 7
466 68 5
323 337 1
489 58 1
317 111 2
14 484 5
496 79 4
321 173 5
282 21 3
135 79 8
473 448 7
433 278 7
109 483 5
305 245 2
208 356 2
411 479 3
416 294 8
73 343 1
226 258 9
400 188 10
489 448 5
147 184 4
264 419 4
368 283 1
400 364 4
470 18 1
217 460 5
166 145 2
179 35 10
169 192 2
65 264 2
445 494 4
395 279 7
419 455 3
141 16 9
490 56 3
178 263 3
274 66 1
389 351 5
29 216 8
248 134 3
177 387 10
212 95 6
371 425 7
480 162 4
139 77 1
114 14 5
278 62 10
0 408 1
275 314 4
4 220 10
121 366 7
70 185 8
173 156 10
168 17 9
55 79 9
23 457 5
64 57 6
232 251 10
398 269 1
48 265 2
67 165 3
178 46 5
356 121 10
387 336 7
99 474 9
350 227 9
93 258 8
0 161 1
190 315 2
80 139 10
466 223 4
275 171 4
377 73 7
348 192 6
267 368 9
123 410 7
388 334 3
273 188 8
493 31 8
92 258 1
499 59 8
202 142 8
310 79 9
305 260 1
302 458 7
276 398 3
24 357 9
492 229 3
257 57 2
241 17 10
325 266 1
231 319 3
330 235 6
453 133 3
37 421 2
217 298 2
429 89 2
373 332 4
167 433 1
467 395 4
130 496 10
372 460 5
250 259 7
338 168 2
386 462 9
290 307 10
316 38 10
137 104 2
439 10 7
388 309 6
158 160 9
471 459 2
278 386 6
464 330 9
315 175 6
79 295 4
96 301 7
108 310 8
39 57 5
123 54 9
406 110 4
354 472 6
315 349 10
168 404 10
446 445 9
347 147 2
206 298 9
253 321 1
353 191 6
421 157 1
467 229 10
407 299 8
346 128 1
498 14 10
18 338 2
217 409 8
169 198 1
413 424 6
475 404 8
40 208 8
150 37 7
80 157 1
114 464 10
186 24 2
484 159 3
212 345 3
164 411 1
273 348 4
186 275 3
199 75 4
169 245 1
156 334 3
235 74 9
234 393 6
334 255 2
103 220 1
473 75 4
356 204 3
390 63 5
334 44 3
360 419 8
197 285 5
462 327 3
128 137 5
492 348 7
102 390 2
79 266 1
36 408 5
224 463 5
114 120 3
142 236 3
402 278 5
221 223 3
128 114 9
340 273 6
126 383 10
312 29 1
347 482 10
93 67 6
411 348 5
57 90 10
51 133 9
109 268 5
115 193 4
233 87 3
295 290 1
174 421 1
85 274 4
29 108 3
147 422 7
227 191 5
440 110 2
379 15 5
270 153 5
48 5 5
171 403 4
430 171 1
338 308 2
109 183 5
458 392 4
477 81 10
172 35 2
409 110 8
53 385 10
40 260 5
286 220 9
363 434 6
15 25 3
318 211 8
143 306 3
370 262 2
195 376 2
316 176 8
250 104 6
346 358 4
450 382 4
440 239 5
163 50 10
99 27 2
88 76 4
371 468 10
92 98 1
419 47 3
138 159 4
436 33 8
48 344 7
133 423 9
218 408 7
1 488 2
166 111 6
88 279 7
239 73 1
384 390 7
285 164 2
90 174 8
247 270 8
195 406 3
256 417 4
89 252 4
34 83 2
406 281 8
401 75 5
109 497 9
143 54 10
74 26 4
91 98 1
21 108 3
239 450 9
138 218 10
124 259 1
332 76 4
208 275 3
167 318 8
261 284 10
339 86 4
72 297 7
101 38 3
58 199 9
324 356 9
407 0 8
313 355 3
59 151 9
270 390 2
250 343 10
193 315 4
118 291 8
57 116 5
275 433 8
186 32 2
84 311 6
462 76 10
138 381 9
250 363 1
118 142 1
196 423 5
381 182 1
203 274 5
185 426 1
371 316 6
32 361 8
484 64 7
378 88 1
296 360 4
449 295 7
98 132 6
348 205 2
470 371 5
378 172 6
85 477 4
360 394 5
190 25 5
297 241 8
143 387 6
223 5 3
272 257 4
203 388 9
278 10 4
55 238 4
326 397 5
313 380 5
187 140 7
315 487 5
324 73 9
389 128 9
317 478 8
399 316 8
133 93 9
79 169 4
324 471 9
31 69 3
417 51 7
0 212 10
434 452 3
47 448 5
254 64 1
291 238 7
440 164 6
332 24 5
485 205 9
39 207 9
355 468 8
490 343 5
470 445 6
157 213 9
378 308 2
257 0 7
168 346 1
129 218 2
232 434 3
433 477 10
147 282 9
12 134 7
451 227 6
58 35 6
363 105 8
440 375 10
184 344 2
234 353 5
182 202 6
208 411 7
175 286 4
300 391 9
378 166 1
339 319 4
103 279 7
345 36 1
413 457 1
476 330 2
351 385 4
325 480 4
24 358 6
51 77 1
195 133 3
292 383 1
26 134 10
219 138 1
37 44 1
79 116 8
197 174 7
24 493 8
411 142 6
67 125 3
43 78 5
125 423 6
467 181 2
357 471 7
91 28 10
44 62 6
8 137 2
487 323 10
180 340 7
77 351 1
100 463 5
86 367 3
419 338 4
360 462 9
359 291 2
6 60 5
141 334 10
103 139 6
34 303 4
108 349 8
52 128 2
101 73 5
269 129 8
35 278 7
14 473 6
98 432 7
99 397 2
442 499 3
465 417 4
152 174 9
260 493 8
101 471 8
494 175 9
58 36 8
361 347 3
435 41 9
464 204 1
103 195 2
347 173 1
307 9 1
45 28 9
474 333 7
243 127 6
200 418 1
48 123 4
30 220 9
258 376 1
178 78 10
7 313 1
94 482 2
207 280 9
111 76 7
392 42 10
409 189 2
425 175 8
16 122 1
488 311 9
289 401 7
92 444 4
340 290 10
331 153 1
312 414 7
355 222 6
327 116 9
79 412 7
378 494 8
382 216 2
192 493 1
110 219 10
465 184 10
232 210 4
317 292 2
385 254 5
398 243 7
375 343 9
166 96 2
255 54 2
422 150 1
466 376 4
181 164 2
336 117 5
378 203 4
305 34 7
80 449 7
13 108 3
32 484 4
473 72 4
200 3 3
116 66 4
463 219 9
247 356 7
327 428 1
461 335 10
482 285 4
421 312 6
183 1 3
108 110 5
78 422 8
80 209 4
58 143 3
123 147 5
478 320 3
189 352 6
173 456 8
315 418 6
467 242 5
303 433 8
180 343 9
215 477 7
405 260 2
310 270 9
64 363 10
164 357 9
33 420 4
14 433 7
457 450 2
424 200 1
494 193 1
172 362 5
263 175 1
319 90 7
471 413 10
346 223 7
360 356 9
248 499 5
478 254 10
279 70 5
308 453 8
35 21 10
371 88 5
309 409 8
202 65 5
403 223 4
479 337 3
426 289 6
202 463 8
154 366 4
433 310 1
285 162 3
87 182 3
341 484 4
112 102 5
275 46 2
430 484 9
441 138 3
131 219 7
244 469 7
322 285 5
9 255 1
106 324 8
143 481 1
10 99 8
10 176 5
145 162 6
39 364 8
173 89 4
0 319 1
163 271 10
290 207 6
303 56 5
52 465 5
453 401 2
119 237 10
267 147 7
15 300 1
57 270 9
9 177 4
253 396 8
447 177 1
58 191 5
127 377 1
499 369 4
265 349 5
38 7 9
249 260 10
61 9 4
166 459 4
480 454 3
148 87 1
359 194 3
111 232 7
144 494 6
94 160 7
131 107 5
120 444 4
268 171 3
8 268 5
187 272 10
213 357 8
113 482 10
169 268 3
449 83 9
84 117 7
128 461 8
96 84 5
458 291 3
203 88 5
431 23 10
334 163 6
72 91 2
381 352 4
231 415 7
172 138 5
292 315 3
65 106 8
291 411 5
127 284 9
233 415 3
75 342 9
296 278 4
414 410 5
7 30 10
487 471 10
37 110 9
324 241 10
147 264 7
497 229 8
366 464 7
119 297 9
353 61 8
371 180 6
145 255 3
333 273 2
96 492 5
486 6 9
107 172 4
290 374 5
470 142 2
346 220 2
449 360 4
173 277 7
45 204 7
237 350 2
173 305 6
487 161 5
261 413 8
488 410 1
496 303 3
333 277 1
372 442 5
21 308 5
82 318 4
50 87 3
295 405 9
205 332 10
284 408 5
326 383 8
483 232 8
366 44 8
226 93 3
394 382 4
33 346 8
469 352 8
470 468 6
181 231 7
134 344 10
142 440 8
48 56 3
456 380 4
319 246 6
437 384 3
129 196 6
376 42 10
241 266 7
245 150 1
223 454 1
174 331 5
269 65 4
221 189 10
435 224 10
94 207 2
456 59 2
130 492 5
387 200 2
208 158 5
499 165 8
184 285 9
428 7 2
478 210 2
112 326 3
9 443 7
322 215 1
107 411 9
71 288 4
346 248 10
176 454 3
324 214 6
236 153 9
116 449 7
287 322 8
405 180 6
151 433 1
498 19 9
214 122 10
481 437 3
280 344 3
24 175 8
464 175 5
431 438 10
389 229 2
92 160 8
418 388 3
16 455 5
205 141 3
325 484 9
368 281 3
137 89 8
416 327 10
240 381 4
175 215 7
406 152 8
482 417 7
263 427 3
81 237 5
342 29 6
237 276 7
94 248 4
156 343 4
354 16 3
107 269 10
253 311 8
249 315 9
161 305 2
228 312 2
348 447 4
125 93 6
394 229 4
13 187 7
177 468 2
99 0 6
370 429 8
414 128 10
196 499 8
75 496 5
393 479 7
422 275 8
489 171 6
73 315 4
123 32 2
437 282 1
179 3 7
138 407 2
208 377 3
162 486 9
78 375 6
221 128 4
226 261 2
231 15 9
497 264 5
269 98 4
315 213 5
173 449 4
195 117 2
330 189 1
110 495 6
304 215 8
205 40 8
424 273 8
64 346 8
457 493 7
252 376 7
164 55 4
7 352 2
62 283 3
413 93 2
455 479 5
378 152 3
298 112 4
89 264 2
267 187 7
412 182 6
342 409 1
171 174 10
490 249 9
338 336 8
432 430 8
410 498 4
272 471 1
130 272 9
8 295 7
408 16 10
134 140 6
307 133 3
473 420 2
364 469 4
185 147 6
341 112 10
179 268 10
499 396 1
149 127 9
481 350 6
81 82 4
158 468 7
129 343 2
137 21 3
492 161 6
282 490 5
7 258 5
373 253 9
90 254 7
454 311 1
408 395 8
258 442 3
55 441 10
357 473 10
413 334 4
110 496 9
455 94 6
131 366 1
206 489 1
476 35 6
35 467 7
423 140 4
302 35 5
288 353 8
168 298 10
196 492 4
463 116 1
355 112 5
231 103 6
148 218 5
370 272 3
170 417 9
158 92 7
282 83 5
280 105 10
216 130 1
463 413 8
39 228 9
267 409 5
239 110 1
324 150 1
173 483 6
44 158 2
385 244 6
39 380 9
435 489 7
352 358 1
93 123 1
211 102 6
7 127 6
493 17 9
105 62 3
3 105 10
425 297 8
151 398 7
330 275 2
274 423 4
163 373 8
121 362 8
295 390 9
349 260 10
3 316 2
47 159 3
68 208 6
262 288 9
64 336 9
70 164 7
231 254 7
326 145 4
402 471 3
363 320 4
133 200 4
130 338 4
197 236 10
228 410 10
251 490 6
121 140 9
186 386 10
61 161 5
144 267 8
412 63 6
19 33 3
409 179 10
343 452 1
396 95 7
156 434 9
280 31 4
493 488 3
93 459 7
39 339 4
279 131 6
46 366 8
155 396 8
38 142 4
139 96 9
25 433 3
99 418 3
447 335 7
78 232 4
61 487 3
428 361 5
8 22 5
55 288 9
65 238 1
328 304 7
1 375 5
475 31 2
253 151 3
490 328 9
72 306 4
208 444 3
436 476 8
49 489 1
140 138 7
61 99 6
446 268 6
203 311 5
406 341 7
68 315 6
51 85 4
405 392 7
113 409 9
209 135 2
18 110 3
98 11 9
165 478 2
483 1 7
236 31 4
94 399 2
138 308 2
178 277 4
200 214 3
488 10 8
488 452 9
16 480 5
224 276 3
477 245 9
179 259 4
92 494 3
146 141 4
390 353 9
319 180 10
412 426 6
73 153 8
213 201 10
117 460 9
19 452 2
156 440 8
72 451 4
323 424 8
277 321 6
245 337 2
286 317 4
418 283 6
444 431 8
196 464 8
22 176 6
298 13 9
455 40 9
182 114 1
62 60 7
9 323 7
217 398 2
44 59 1
193 288 10
176 337 7
451 189 7
56 118 3
489 361 2
403 138 2
167 47 9
371 448 2
46 458 9
264 12 9
295 489 10
123 154 5
484 47 3
400 98 10
2 333 4
372 267 4
245 358 1
444 54 2
484 347 2
341 404 3
492 444 10
189 422 1
246 463 3
58 484 6
198 479 5
490 63 10
464 343 7
487 74 2
493 458 5
446 167 10
143 185 4
222 114 3
150 117 9
414 474 5
113 475 9
104 193 8
405 213 8
328 209 3
309 420 6
243 364 3
27 333 2
317 248 8
260 290 9
331 117 8
67 54 2
162 59 10
124 144 6
302 277 6
326 479 6
464 213 4
458 429 6
3 20 7
254 33 6
496 338 3
329 4 3
115 254 2
375 470 9
66 223 7
466 343 10
347 207 8
202 434 5
181 101 5
131 465 9
325 3 9
102 14 10
45 11 7
18 335 5
150 113 5
121 336 7
235 29 7
474 12 10
307 230 4
343 356 2
313 370 1
448 166 5
224 377 5
402 162 2
262 197 9
496 74 4
310 465 9
330 307 8
232 360 7
287 307 8
12 270 8
75 269 9
114 259 3
66 276 9
44 318 1
240 108 10
229 270 1
192 180 8
285 221 7
121 133 7
46 412 10
324 277 8
298 348 4
322 109 2
3 403 1
47 245 5
207 53 10
123 8 4
388 476 2
397 5 5
84 119 5
188 317 4
239 460 2
51 412 6
194 238 7
276 494 8
294 473 6
303 127 3
265 5 6
4 188 9
273 133 9
6 174 4
370 201 5
61 223 5
281 344 3
419 5 6
407 398 8
247 63 10
200 33 1
111 192 7
9 381 7
478 324 8
297 485 3
230 312 2
473 221 10
171 358 6
47 463 3
155 253 5
192 178 3
80 14 6
338 451 7
454 485 1
62 182 3
437 41 3
465 296 8
273 311 6
267 386 9
237 449 4
1 448 10
415 282 9
353 284 3
86 464 6
31 495 1
331 382 7
422 156 3
174 25 5
335 389 4
453 61 6
326 335 6
479 295 7
309 245 6
318 363 9
354 344 9
338 392 4
475 439 8
19 195 5
259 421 6
497 259 9
437 276 4
20 100 10
422 190 10
442 81 6
198 344 1
162 120 10
183 365 7
407 333 9
264 66 4
36 34 6
458 73 9
68 136 6
76 459 5
171 0 5
12 310 5
328 471 7
110 104 5
431 296 8
103 266 9
217 329 5
94 161 5
32 219 6
261 125 6
83 307 9
213 141 6
323 119 7
224 417 2
323 341 3
339 426 8
251 370 1
168 282 3
204 35 7
308 28 8
360 338 2
465 66 6
446 468 3
91 142 8
247 377 10
464 389 3
387 299 8
470 228 5
494 74 2
96 336 5
8 323 4
469 32 5
280 462 6
382 88 7
152 409 4
467 360 1
330 284 7
101 499 3
368 433 3
281 345 8
237 492 9
33 50 9
96 246 7
475 71 1
413 299 8
212 125 5
445 460 8
87 32 10
398 133 1
98 52 8
240 139 1
230 479 9
85 224 2
310 247 5
239 153 8
68 75 4
74 408 2
473 158 8
32 157 3
472 62 1
8 496 7
52 471 9
196 440 8
387 164 4
315 383 8
278 112 1
473 356 3
406 169 7
238 356 5
360 242 1
438 91 6
405 17 10
362 366 2
302 23 8
168 320 3
487 213 7
399 418 8
410 293 9
230 257 3
270 59 1
117 165 4
109 194 9
124 178 2
398 193 5
23 257 3
214 429 8
113 8 3
381 55 4
181 166 8
171 196 7
448 456 8
404 103 5
450 56 7
417 83 8
320 139 2
17 382 3
443 246 8
296 239 8
169 230 3
393 269 5
8 411 1
123 15 5
136 30 1
61 13 2
5 133 3
191 112 1
169 45 1
62 409 5
424 380 7
215 95 7
288 272 4
465 176 3
378 144 10
176 46 2
77 445 7
302 291 9
304 6 1
150 348 5
377 25 7
232 369 3
265 55 1
455 101 6
67 475 7
141 381 5
26 442 10
365 414 6
455 137 4
416 320 10
261 201 2
499 394 6
459 372 3
48 105 1
15 314 8
12 219 6
456 464 5
430 269 2
4 303 5
91 344 3
452 81 3
64 440 3
349 257 2
156 139 3
14 236 6
0 87 7
275 205 4
457 410 10
270 186 7
35 16 9
231 166 8
498 251 9
176 374 4
262 421 5
35 163 10
391 315 8
20 8 4
227 168 7
43 461 10
99 329 3
408 82 9
334 243 4
204 414 6
413 412 9
458 339 2
235 312 7
410 1 9
99 233 3
289 211 7
85 356 5
24 105 7
491 386 1
23 401 1
65 147 6
122 385 2
22 145 7
485 77 5
480 136 4
211 174 1
328 413 10
426 101 4
419 186 5
317 360 5
146 20 1
282 148 5
256 119 8
266 71 1
8 57 5
340 158 3
270 60 10
378 398 4
75 408 9
69 494 1
285 415 3
89 187 8
85 23 5
204 454 4
145 78 2
55 323 4
237 91 1
115 225 8
50 40 2
218 64 9
384 152 4
94 69 8
228 268 2
312 387 9
423 197 7
221 244 2
317 304 2
431 51 7
464 79 3
413 317 9
305 405 4
155 381 10
448 434 7
84 207 9
306 387 9
98 326 6
470 234 6
182 264 1
202 335 10
105 161 2
5 34 1
104 165 9
250 106 4
197 282 4
53 65 10
489 405 10
204 419 1
250 248 8
9 446 10
146 64 1
454 233 6
71 399 9
143 425 4
369 496 2
331 138 1
302 358 1
84 175 3
230 211 3
132 45 2
86 340 6
211 473 5
327 167 1
256 356 4
295 162 5
56 211 9
148 267 8
262 418 7
100 118 9
43 395 4
267 88 7
171 120 10
83 209 6
262 149 1
346 368 9
356 217 4
362 119 4
372 345 6
294 314 7
146 133 6
420 63 8
96 274 7
283 274 3
474 238 3
112 413 5
374 246 7
77 175 8
322 235 9
297 279 8
334 54 2
483 401 7
159 26 1
78 479 3
228 125 7
107 372 4
343 215 1
478 112 2
66 443 9
353 363 2
286 469 6
336 311 1
23 116 1
113 104 1
100 83 1
245 364 4
251 329 6
421 32 2
12 317 4
265 221 10
442 224 3
249 488 7
438 17 2
242 332 9
234 76 5
403 459 2
312 195 3
19 205 7
54 418 7
289 35 8
385 309 8
454 16 6
71 337 2
409 430 4
172 492 8
59 344 10
272 137 5
412 94 7
42 188 9
97 243 7
248 470 1
241 46 7
69 128 1
112 155 7
136 326 5
15 2 9
346 139 2
320 116 10
345 399 8
106 379 1
462 465 1
426 448 4
39 65 10
472 168 5
42 313 9
209 310 10
141 409 4
61 44 2
328 246 1
390 120 7
269 472 10
372 113 7
271 234 6
24 7 9
53 111 9
391 289 2
333 6 5
384 434 2
145 368 1
408 366 6
53 475 5
308 113 4
308 340 4
243 78 9
292 492 6
299 324 2
31 499 6
17 195 7
320 473 7
307 227 3
407 334 6
463 385 3
288 488 10
194 16 5
303 159 6
209 266 10
212 399 9
489 340 1
34 260 7
434 240 7
176 391 8
351 9 2
480 31 6
226 123 2
21 384 9
407 292 1
276 70 7
46 265 2
465 241 6
14 47 9
114 35 8
491 165 4
436 197 2
308 94 1
443 466 6
327 252 10
236 208 2
325 19 5
201 382 6
433 408 8
93 153 7
261 245 8
486 375 1
400 329 3
213 66 2
49 449 4
189 243 6
282 410 7
227 348 7
133 272 1
487 112 2
451 292 9
80 229 6
106 225 10
8 214 1
278 182 8
84 322 6
215 259 2
66 428 3
423 272 9
459 229 4
301 475 5
76 486 1
289 10 5
34 207 5
73 7 4
488 359 6
239 481 2
485 239 6
376 223 9
362 440 10
125 4 6
324 193 6
62 302 6
449 350 7
449 450 5
215 243 6
303 27 1
181 292 2
247 25 7
196 243 7
194 39 8
236 10 3
436 206 7
211 303 1
447 445 6
230 177 5
308 191 1
102 62 1
307 74 10
214 369 10
277 59 4
202 99 6
292 337 1
142 420 6
14 315 5
269 466 5
447 280 8
227 237 1
218 134 7
446 82 9
385 486 5
392 132 7
268 328 5
135 329 2
211 349 7
8 190 6
190 478 6
161 145 1
226 439 6
7 368 2
472 228 3
279 431 4
215 185 8
492 135 5
254 97 9
156 19 8
210 164 3
424 149 4
71 465 4
155 364 5
393 489 10
259 32 8
302 306 4
67 226 5
86 452 9
64 325 4
477 2 1
467 38 7
453 118 8
120 49 5
301 277 2
326 369 5
147 374 4
108 492 2
138 122 1
11 21 10
454 146 8
199 201 10
352 383 2
405 109 3
198 278 6
319 59 7
0 157 10
258 158 9
35 252 8
37 381 1
430 140 2
219 386 7
151 240 9
328 197 3
307 245 8
73 311 8
489 118 7
190 380 8
163 191 4
28 491 4
186 170 1
429 116 2
366 206 5
252 47 5
403 250 2
334 3 6
235 411 8
112 65 4
97 438 9
387 224 6
62 299 10
14 117 10
205 89 6
499 345 6
403 60 2
451 214 7
177 186 2
142 21 3
47 141 8
238 272 1
355 98 10
448 429 10
275 279 6
77 229 8
2 370 4
98 117 6
258 304 7
438 491 10
414 461 6
352 410 9
251 408 5
56 405 8
411 430 9
285 189 8
39 340 1
491 407 5
225 95 6
447 340 2
172 51 3
341 38 9
348 280 2
237 246 6
45 318 8
172 61 1
120 487 10
26 410 3
190 348 7
207 411 1
284 490 5
414 418 8
470 312 7
56 265 3
412 240 1
278 204 3
184 128 8
292 268 3
369 313 9
110 178 3
60 230 6
59 468 6
354 194 6
48 444 3
215 65 1
459 351 7
346 388 2
395 259 9
78 406 6
184 439 3
291 328 2
101 234 7
231 135 3
319 232 2
407 499 7
409 445 10
425 86 4
71 214 9
223 359 1
474 498 8
244 142 10
420 278 5
193 107 2
301 387 8
183 24 4
349 0 9
356 140 5
247 26 10
223 236 4
188 491 9
385 392 7
331 322 2
46 384 8
447 425 3
309 401 6
452 162 8
287 6 9
378 389 1
490 323 6
473 141 5
290 474 5
137 196 1
221 479 1
445 251 7
499 400 6
487 222 2
89 473 2
35 127 4
21 159 6
358 239 3
87 314 10
376 443 2
283 52 3
134 25 2
22 438 6
48 18 9
189 147 4
162 97 8
349 82 3
10 78 5
382 428 7
393 326 6
326 190 2
101 186 3
333 49 3
221 307 3
121 477 5
185 432 5
74 335 5
214 18 1
316 89 5
46 22 4
82 208 8
188 195 1
258 55 10
160 475 6
280 434 9
252 142 2
457 258 7
298 25 8
82 38 3
175 273 6
325 408 5
45 481 2
201 285 9
283 19 8
263 295 3
155 295 4
1 109 3
327 211 6
434 430 7
206 179 2
1 149 1
251 470 3
9 256 2
123 393 10
418 113 2
422 113 1
426 151 1
371 138 8
310 396 3
103 34 9
340 366 2
181 44 6
438 355 9
42 272 2
41 69 10
102 401 5
321 488 6
243 198 4
115 233 1
38 491 7
316 46 1
82 330 2
148 356 3
100 279 8
226 56 3
15 292 1
476 299 9
96 468 8
272 457 2
449 407 4
159 468 6
250 203 7
127 82 10
378 330 3
12 172 4
495 450 4
261 34 9
91 375 3
188 497 4
436 236 7
368 4 5
106 94 1
302 404 10
452 335 9
74 119 7
440 299 10
22 311 10
106 43 2
473 486 7
180 54 8
142 25 9
364 78 3
89 31 3
34 449 1
116 428 1
343 100 7
35 153 8
45 2 8
317 56 7
445 106 1
436 176 4
357 128 5
133 327 3
60 460 10
333 460 3
69 487 1
256 377 2
271 229 7
23 286 5
139 334 5
209 282 9
98 480 4
292 51 10
259 203 4
464 244 8
145 57 4
266 450 7
80 328 9
25 109 1
256 433 2
321 202 8
401 88 7
436 319 5
399 136 4
325 388 8
410 355 3
330 251 6
108 119 2
125 30 8
66 359 6
91 289 5
465 448 4
373 431 3
246 436 10
168 184 5
108 340 10
404 17 6
144 118 9
442 31 7
391 438 10
485 233 2
268 385 10
12 356 7
205 76 6
428 379 2
298 336 6
448 128 2
78 214 10
1 198 10
163 157 2
461 53 7
122 499 7
252 468 7
234 16 10
407 127 2
232 170 3
71 174 4
448 55 3
330 306 10
197 114 5
192 117 10
9 105 3
101 224 1
92 367 3
345 360 3
485 211 9
429 208 6
439 100 4
374 486 8
185 498 1
122 59 2
461 276 10
65 130 9
441 128 3
134 220 4
30 44 3
346 49 6
471 297 4
249 332 10
315 145 8
486 203 4
347 98 6
154 164 3
222 66 3
58 53 3
405 447 8
122 468 8
248 439 2
44 115 2
52 107 6
109 476 5
373 383 3
106 386 7
236 287 5
25 196 8
65 494 7
200 304 4
400 139 5
225 82 10
185 199 3
211 305 1
454 17 4
76 143 2
6 180 9
424 405 8
478 420 5
154 170 2
236 150 2
493 289 9
8 464 8
395 325 4
257 149 2
404 142 9
389 284 5
406 328 6
435 405 9
241 72 10
73 15 4
196 465 10
455 29 5
458 431 10
427 69 9
102 157 2
458 386 2
155 196 6
51 35 5
386 303 5
297 437 1
86 242 10
446 162 6
83 413 8
331 175 9
169 137 9
297 286 9
276 221 7
457 197 4
186 223 1
5 40 9
82 376 5
369 278 3
37 473 2
229 208 2
210 255 1
429 186 6
380 276 1
132 276 1
412 146 4
152 375 3
9 94 6
455 321 7
355 234 8
322 27 10
243 37 10
436 56 4
43 479 4
116 126 3
164 139 6
350 347 1
452 275 5
60 198 10
128 364 3
218 131 5
181 422 9
195 289 10
201 275 1
58 464 9
290 378 8
412 174 4
193 405 7
152 245 9
468 491 2
245 397 1
406 392 1
267 202 2
484 344 3
330 89 5
157 384 10
372 152 9
221 98 1
158 59 6
61 149 2
180 186 2
384 69 3
426 440 2
225 445 5
75 18 10
280 167 1
260 302 1
155 22 10
186 407 4
35 483 5
311 176 1
304 156 10
189 179 6
487 394 5
399 70 9
169 103 9
210 401 4
139 330 3
283 9 3
308 364 10
140 490 6
115 65 8
237 283 4
171 136 10
121 434 1
383 119 5
413 104 6
97 490 8
51 434 5
359 485 8
137 437 4
258 421 2
442 41 2
347 126 3
220 36 10
354 279 3
404 30 8
233 90 4
44 437 7
123 460 7
419 236 2
229 130 5
39 444 9
9 339 4
467 58 9
434 247 10
267 340 9
90 499 2
380 430 7
156 480 7
117 357 10
358 86 4
239 226 2
472 182 1
260 70 7
186 70 9
61 176 8
125 150 6
54 253 8
388 356 10
286 155 1
261 430 6
173 459 1
467 463 1
232 38 7
79 105 3
173 423 4
62 413 10
316 499 6
264 277 4
96 448 8
94 375 5
150 188 1
401 296 10
153 180 6
126 482 6
181 192 2
494 115 3
276 98 10
83 249 3
233 65 6
248 212 2
265 388 1
420 208 9
327 113 9
249 184 8
349 75 7
66 109 9
173 50 10
447 404 2
229 291 6
233 117 10
148 157 9
90 404 8
347 26 10
18 455 4
467 311 3
479 145 2
39 293 2
488 123 3
73 70 5
270 183 4
262 323 9
115 181 8
108 42 8
384 344 8
352 426 6
424 183 9
402 388 6
265 478 8
21 403 1
282 203 5
15 88 8
12 115 10
147 187 4
150 388 4
442 486 9
486 177 6
399 333 3
316 191 2
433 149 7
415 474 6
480 288 5
306 69 7
286 237 7
284 260 6
326 353 1
102 458 7
364 329 1
337 385 8
456 81 6
51 456 2
295 444 2
160 39 10
24 447 4
210 251 4
28 103 3
319 144 2
130 63 8
301 481 3
436 120 10
342 487 9
110 444 1
257 498 6
79 191 6
106 344 1
464 31 2
30 459 4
414 281 8
51 84 4
46 480 5
73 442 4
363 418 6
419 171 8
307 38 6
346 438 2
147 482 1
58 166 9
159 83 3
168 226 10
355 136 10
243 54 8
292 170 10
110 168 9
273 232 1
104 187 3
383 386 2
32 253 7
387 268 4
161 7 9
88 477 7
67 315 6
93 414 4
74 178 4
336 33 5
46 14 1
384 473 6
323 451 9
288 423 9
375 472 8
331 385 4
241 390 7
408 450 2
314 261 3
257 49 9
380 485 9
391 234 7
429 285 5
425 280 8
340 345 8
215 412 9
355 201 9
419 225 5
424 211 9
151 163 2
491 284 1
312 483 2
238 206 9
323 399 6
417 132 1
24 274 1
275 276 2
158 358 7
452 127 7
162 46 7
411 13 7
5 130 9
85 265 8
196 173 5
454 178 4
300 64 7
164 167 5
464 351 5
339 434 3
78 265 3
190 192 9
389 103 2
14 24 9
148 113 3
168 170 6
265 220 7
1 381 5
368 246 6
241 47 3
199 366 5
20 172 7
58 218 3
469 188 5
226 349 4
488 211 4
235 219 2
169 161 2
173 221 8
102 404 3
240 253 8
217 489 4
415 259 4
249 241 1
361 266 5
73 267 3
488 58 2
62 202 2
486 264 8
285 172 8
441 50 5
56 46 3
347 71 8
236 380 8
166 462 8
35 318 2
399 346 5
193 252 2
194 469 7
206 254 8
271 489 4
106 446 9
76 388 3
142 206 2
109 202 2
308 305 6
132 454 10
117 124 8
217 45 8
479 224 10
280 97 10
106 363 2
131 65 5
404 356 1
417 35 5
384 142 5
448 168 5
288 309 3
405 45 8
80 353 7
127 49 6
467 422 1
390 255 6
293 331 4
491 453 1
414 43 5
490 359 9
488 257 5
343 30 9
365 232 6
183 182 7
145 273 10
172 5 9
146 138 5
101 409 4
289 406 8
245 251 8
303 82 3
376 140 10
182 214 2
492 150 4
144 211 7
138 252 1
316 405 8
371 162 6
106 150 9
313 343 7
297 399 10
34 421 5
8 107 7
479 296 9
258 12 10
280 387 4
142 219 3
19 57 7
344 232 6
422 483 5
65 381 8
23 104 9
422 136 10
57 146 5
488 491 1
438 64 9
212 233 2
254 487 1
194 450 4
493 189 3
400 169 8
281 387 3
253 86 3
318 36 2
469 64 1
298 270 1
402 375 6
305 435 2
177 327 7
156 107 6
440 444 5
442 472 2
225 170 3
67 152 3
377 152 7
339 416 6
380 243 1
276 213 5
273 157 3
432 304 4
479 489 9
409 299 8
471 124 1
142 245 4
105 340 4
48 128 10
487 6 10
268 477 3
427 306 3
312 321 3
181 425 4
467 340 3
381 133 5
486 223 4
105 251 2
318 7 2
148 90 5
471 183 5
315 130 8
414 233 5
475 424 9
336 315 5
121 383 3
40 400 5
236 345 1
37 237 8
135 325 9
395 254 6
229 155 1
252 226 3
63 467 2
414 497 7
25 397 10
66 341 3
141 329 3
84 169 3
38 286 7
296 385 10
486 50 9
57 326 3
85 306 6
430 86 7
78 496 7
333 84 5
114 238 4
467 373 9
29 89 7
262 278 6
438 409 2
320 409 3
396 417 3
4 253 7
402 118 6
350 291 6
332 254 4
423 342 1
240 419 5
21 8 2
20 342 10
415 249 8
182 285 6
420 395 5
467 144 9
404 188 6
174 126 10
263 89 1
427 270 4
453 13 1
3 158 7
452 140 4
166 335 1
0 404 10
87 103 6
300 417 5
148 271 3
279 72 9
115 137 8
318 93 4
489 76 8
166 405 1
111 182 6
474 315 3
158 149 3
284 148 5
443 16 8
331 381 9
18 201 10
226 83 5
443 24 2
270 56 2
412 257 10
439 240 3
142 246 6
127 337 4
284 154 3
446 10 5
96 346 6
438 367 2
194 123 6
253 99 8
18 347 6
347 495 6
469 140 9
14 456 2
160 221 2
420 476 7
364 84 1
317 265 3
57 126 6
451 205 6
0 353 8
470 1 8
270 28 7
172 388 4
54 409 8
243 172 1
497 458 4
472 297 5
467 62 7
200 39 10
491 482 1
76 163 8
162 170 6
258 202 3
204 366 9
464 338 9
382 136 5
462 85 6
348 70 1
418 472 8
188 116 5
204 20 4
391 125 2
9 387 8
106 279 8
36 178 7
214 316 3
430 330 10
192 480 1
154 472 1
353 339 1
208 176 3
347 261 6
160 392 8
212 186 7
115 425 9
358 220 8
224 349 3
90 50 5
284 346 5
479 287 8
89 231 4
229 45 4
23 256 4
256 248 9
125 421 10
119 109 3
206 108 6
25 442 6
45 201 6
330 377 9
427 462 8
192 464 1
401 176 5
32 62 9
234 405 1
143 279 1
143 6 4
231 241 3
36 159 8
321 243 2
104 469 8
144 145 5
181 442 7
390 252 5
114 212 7
17 265 9
424 407 2
408 40 3
73 443 1
377 148 6
77 411 2
133 221 7
428 354 10
324 475 4
84 129 7
183 292 2
261 147 5
29 413 9
328 282 10
420 417 10
488 384 5
176 284 9
127 331 7
32 58 9
210 217 1
406 363 10
247 296 6
341 474 7
156 323 2
461 451 2
216 336 9
452 476 3
160 355 5
479 131 2
261 24 2
443 206 2
172 97 2
207 257 4
301 312 3
238 208 4
253 427 4
366 367 3
475 56 2
278 22 7
106 101 6
163 279 5
83 195 10
81 21 7
54 232 1
482 286 5
100 328 5
99 414 7
388 213 10
264 183 4
326 63 5
130 141 2
51 315 7
417 425 10
68 252 7
207 233 2
337 240 3
410 238 5
147 427 8
190 231 7
38 93 5
142 144 5
263 208 6
467 94 7
317 78 2
365 363 1
475 425 6
240 228 3
432 210 7
417 372 1
154 157 5
121 363 4
413 67 2
5 191 3
221 436 5
481 415 2
255 445 3
495 459 9
279 338 5
70 380 4
458 152 10
478 47 5
368 326 3
6 363 3
204 497 2
467 208 6
89 121 10
118 282 3
9 367 3
229 387 7
419 33 10
179 76 5
326 379 1
27 423 7
103 25 4
395 184 8
120 204 1
278 366 8
108 370 3
415 499 4
206 118 7
82 252 10
309 20 3
294 120 10
5 456 6
89 110 5
12 166 6
187 277 6
414 369 5
360 42 6
125 314 6
237 17 4
457 15 7
193 367 2
209 60 2
321 292 2
399 218 1
426 317 10
346 245 6
27 248 5
69 75 7
433 249 3
325 56 9
297 272 2
102 434 4
335 383 8
55 405 3
221 139 8
333 351 6
465 174 3
364 130 2
114 166 9
281 453 5
68 102 10
322 230 7
449 435 4
10 112 7
312 428 9
455 71 4
159 139 9
330 93 5
136 271 4
113 470 4
455 301 5
160 305 1
380 337 6
95 167 10
411 243 6
326 420 8
318 241 5
98 8 6
369 82 8
453 235 10
368 132 9
419 28 5
419 302 5
306 164 5
293 218 5
360 190 9
251 89 4
383 425 5
138 144 5
364 134 10
96 33 8
341 54 3
322 289 9
72 404 9
144 117 2
312 400 6
69 170 2
350 136 7
255 473 3
42 251 9
194 394 9
188 103 8
183 405 6
435 180 3
166 196 6
490 37 2
339 72 5
494 453 4
338 317 5
173 371 6
486 455 8
105 182 9
309 103 2
469 447 4
191 460 6
414 336 1
42 336 1
255 490 8
468 109 9
288 274 9
446 495 9
237 488 4
163 99 6
228 333 4
324 36 1
127 293 9
359 369 5
47 255 5
441 301 3
17 106 10
380 187 1
239 378 6
424 409 2
269 250 9
42 28 4
312 87 6
459 164 5
445 238 10
455 445 1
387 203 10
304 218 3
474 14 9
428 406 3
116 132 10
340 445 9
396 92 2
58 249 1
462 389 1
149 417 2
190 349 2
332 364 3
337 50 3
460 328 7
472 50 1
202 134 1
253 156 2
91 495 1
336 394 3
357 321 6
403 26 8
414 25 2
90 29 1
102 431 7
177 85 3
319 488 2
403 481 9
185 150 1
22 430 5
128 294 5
297 85 2
260 88 9
201 43 5
153 350 4
154 12 7
79 250 1
397 52 6
453 260 7
453 265 10
224 456 5
35 327 1
8 234 4
192 333 3
371 226 6
69 56 7
257 223 5
212 163 10
80 337 10
14 455 7
428 211 2
447 31 1
397 331 8
18 288 10
484 231 8
96 241 1
75 305 8
143 392 8
50 119 9
22 160 4
273 219 5
466 7 3
129 47 2
400 136 7
318 21 1
43 284 8
309 335 9
36 183 2
149 247 9
200 97 3
203 312 7
441 294 3
219 13 1
325 456 3
195 121 5
38 484 2
295 297 6
401 169 2
60 396 10
129 301 4
449 96 9
259 492 8
388 408 3
226 342 8
60 470 4
378 293 10
396 32 10
473 129 6
240 84 8
188 1 5
191 181 9
245 321 4
376 185 3
225 75 3
312 49 2
23 294 5
439 282 1
141 98 4
393 174 3
165 49 9
220 436 1
79 110 10
361 292 1
494 85 7
49 57 6
87 265 6
469 449 1
153 378 1
386 327 7
148 285 4
41 265 7
207 488 8
459 376 6
473 355 8
334 82 1
119 464 9
279 44 7
187 440 3
99 291 8
370 348 6
292 381 6
66 181 10
305 97 7
13 95 6
334 489 3
372 20 5
386 119 2
433 164 10
256 121 9
310 68 3
234 114 10
101 149 8
472 18 1
376 448 9
95 308 9
14 467 4
5 196 1
84 409 1
280 70 2
110 77 2
278 289 7
182 179 10
6 149 2
366 170 5
38 15 4
323 383 8
495 265 3
215 92 1
58 470 4
331 364 4
130 437 5
370 71 1
272 105 5
242 159 4
351 498 3
3 72 5
6 9 1
183 475 5
496 83 5
2 263 2
279 151 6
372 1 3
446 379 1
424 439 9
151 207 8
194 17 5
480 426 2
82 161 9
356 262 1
125 240 1
329 183 4
479 403 10
22 262 2
61 431 2
108 235 2
248 97 4
359 394 10
495 60 2
268 151 4
343 79 9
316 416 3
110 476 10
282 39 9
252 173 10
229 226 6
331 304 8
454 398 1
440 167 9
164 40 2
432 313 10
90 274 1
151 336 8
29 281 4
290 321 9
345 145 2
188 94 9
325 162 6
466 251 8
186 411 9
302 145 2
362 41 9
441 147 5
304 20 7
458 2 3
180 207 1
292 411 2
96 70 8
132 395 3
70 495 4
350 206 1
367 335 1
263 157 8
127 387 4
126 376 3
443 57 9
112 330 6
379 17 4
233 5 7
100 399 1
368 265 6
89 260 5
41 343 3
430 96 6
141 494 4
284 141 6
77 375 5
442 251 4
431 31 6
8 488 8
184 332 4
308 490 5
172 358 7
23 52 3
153 253 8
241 164 5
258 162 7
405 272 4
17 109 4
367 339 4
338 351 3
396 455 1
487 483 10
359 487 10
464 431 8
168 453 1
330 392 3
109 317 2
9 138 5
455 217 3
53 494 3
418 179 4
198 347 3
300 364 6
110 420 6
63 385 8
341 9 8
376 347 2
135 166 4
201 236 3
336 133 10
195 259 2
231 469 10
387 235 1
178 301 2
44 282 8
453 303 2
361 27 8
3 434 4
251 305 5
32 334 1
343 454 2
15 71 2
103 117 6
109 212 8
169 147 5
75 0 9
5 267 7
120 143 7
339 73 1
178 106 8
32 159 1
149 395 5
59 192 9
173 27 6
447 291 9
58 210 8
62 195 5
358 260 6
378 103 3
122 9 1
367 411 4
117 32 10
41 215 9
85 294 9
143 361 6
369 425 7
340 341 2
337 226 5
493 238 8
231 439 1
360 267 2
51 229 3
441 450 1
8 491 2
260 10 10
347 369 10
102 331 8
203 153 7
391 98 3
232 477 2
300 183 3
480 418 1
122 233 3
174 96 8
467 150 2
474 150 7
253 170 3
52 366 7
327 322 9
305 89 1
391 163 9
205 145 8
193 28 8
118 365 10
360 234 4
261 254 5
176 394 2
242 446 10
315 436 5
25 350 5
230 345 1
26 373 8
339 450 4
488 217 7
28 184 4
348 379 3
165 407 8
393 15 6
291 289 7
313 241 2
49 242 10
435 287 1
284 383 3
198 453 1
0 357 8
35 268 8
169 296 9
358 470 4
492 153 4
273 415 2
303 201 5
189 104 2
24 327 5
25 383 2
108 209 7
417 33 6
497 376 7
11 470 6
15 349 1
433 61 1
171 237 4
83 452 3
171 208 1
373 141 3
37 413 6
364 174 1
200 297 7
228 251 8
465 326 4
466 285 7
455 174 6
277 490 4
304 336 4
367 380 7
218 469 7
360 12 8
313 334 3
4 6 5
82 401 7
433 17 5
41 162 6
314 23 4
87 158 7
180 178 9
96 363 3
211 205 4
304 458 3
395 250 1
54 249 2
322 374 10
273 448 8
244 236 8
33 349 8
466 309 3
16 424 6
198 279 4
159 304 8
303 237 10
226 458 7
363 24 10
345 374 5
463 162 8
139 118 9
377 180 10
164 173 8
441 335 3
493 491 4
452 282 3
157 44 1
79 353 8
111 235 6
120 79 8
325 16 8
391 104 6
153 80 9
392 238 5
338 443 6
340 100 3
432 282 6
32 214 3
168 416 10
63 154 2
323 321 7
291 165 8
159 307 8
220 297 1
256 346 8
423 486 6
207 329 10
66 200 1
74 343 9
155 456 5
129 470 1
365 389 1
459 144 10
100 386 8
487 107 4
85 164 9
240 217 5
28 229 1
82 285 8
332 475 10
96 411 7
457 270 6
75 135 5
390 70 3
160 310 10
362 95 10
226 495 8
393 296 10
245 480 6
132 367 9
429 451 10
366 387 10
152 355 1
355 200 6
282 188 5
293 434 6
15 391 7
365 99 5
96 331 3
106 292 2
66 97 6
362 43 7
483 139 7
12 190 6
86 89 5
177 409 1
365 432 4
79 162 10
405 278 10
469 170 8
253 412 4
287 265 3
258 294 1
140 338 7
375 466 7
350 314 9
163 156 9
340 250 10
495 43 4
446 488 7
52 101 8
85 368 2
204 390 6
240 98 6
107 161 10
328 259 6
44 254 10
10 482 10
80 6 4
92 173 3
280 14 8
7 476 3
141 3 8
301 494 8
107 225 4
223 352 1
312 226 3
431 168 5
299 394 5
300 163 1
144 69 6
269 153 3
69 415 9
350 432 4
164 453 6
19 213 9
227 180 4
498 294 3
26 457 3
368 65 6
134 319 3
171 201 7
451 480 2
87 205 2
183 52 10
209 303 9
231 452 4
468 113 6
274 439 9
94 203 2
166 296 5
304 36 10
133 420 5
483 314 7
202 432 5
112 424 10
125 282 10
163 417 6
322 282 7
45 51 9
282 440 9
341 83 8
473 161 1
24 385 7
158 480 10
152 59 6
144 429 7
308 402 2
90 407 6
52 485 5
355 487 5
305 348 3
170 114 1
449 108 1
258 296 1
495 366 10
470 292 9
188 70 4
95 300 3
382 363 10
465 57 2
403 359 2
171 74 6
285 431 8
132 465 10
406 365 7
159 499 9
66 234 8
106 471 5
298 494 8
264 267 3
410 358 1
346 255 7
64 99 7
197 465 3
361 195 1
299 375 6
1 394 9
355 105 6
105 480 7
121 355 1
274 450 4
318 337 10
205 338 9
450 312 2
197 71 6
462 12 8
27 435 7
337 182 2
129 412 9
9 332 3
497 417 2
236 141 2
370 361 4
180 127 8
476 207 9
494 132 3
119 431 3
360 159 8
52 82 2
495 396 7
137 292 3
316 249 7
422 99 7
214 440 2
296 68 10
174 212 8
161 309 6
42 0 2
37 145 5
77 62 2
183 460 9
344 485 10
423 142 4
442 288 6
314 114 5
34 242 8
239 218 1
152 386 4
23 483 7
14 291 3
249 213 9
336 385 4
123 148 7
116 134 1
177 194 5
406 487 1
123 140 10
268 29 3
353 460 1
390 398 3
232 100 4
182 191 6
289 264 2
187 434 4
293 237 5
436 286 1
195 489 4
224 155 2
218 395 6
45 86 9
412 36 6
428 107 6
333 224 4
374 114 6
28 404 6
47 182 1
113 303 8
347 402 7
353 317 8
241 87 7
339 255 6
397 27 8
160 235 5
474 76 8
9 92 10
86 44 1
399 223 10
371 383 10
491 196 6
465 445 8
15 402 4
381 15 4
453 142 1
420 120 10
293 78 6
57 376 9
267 85 7
366 217 2
304 420 3
456 303 3
304 12 4
233 51 10
479 29 1
460 229 2
288 155 9
315 454 9
45 244 2
284 170 1
88 361 7
169 343 3
417 342 2
310 358 4
254 272 8
183 47 2
127 471 10
439 204 6
127 156 3
311 258 6
374 56 6
286 468 4
396 365 9
42 299 9
446 279 3
487 77 8
54 1 9
265 176 8
448 148 4
374 46 4
435 238 10
275 427 7
113 234 10
489 43 6
316 101 4
426 244 10
131 239 7
473 460 3
129 57 2
424 335 3
277 10 9
496 188 3
52 420 9
19 447 6
446 59 3
332 56 1
449 200 6
404 396 10
359 48 3
392 284 7
299 379 7
346 85 1
446 267 6
299 8 1
59 388 8
383 268 2
3 367 8
103 20 9
267 217 9
245 315 2
143 121 5
111 34 8
30 215 2
187 6 7
364 65 6
346 189 1
335 125 5
42 56 4
443 286 5
429 139 9
377 21 5
431 268 9
433 211 2
83 464 6
188 192 2
367 479 8
201 235 4
411 293 4
310 285 7
428 324 10
25 443 3
73 50 9
135 281 3
407 287 4
171 117 9
448 323 8
89 320 1
45 150 7
479 284 10
63 334 7
326 416 10
288 170 9
68 360 2
290 485 7
335 58 3
68 41 1
312 391 1
142 199 9
487 260 5
305 86 9
355 299 7
261 312 6
134 320 6
300 375 1
82 261 4
77 438 6
131 248 7
250 267 9
11 90 2
163 394 8
385 5 7
263 360 7
470 436 1
312 126 6
221 229 2
19 183 1
90 330 7
202 476 7
41 396 1
167 33 3
166 340 9
126 168 9
214 124 2
301 158 9
189 59 7
45 352 7
455 265 9
220 292 6
117 391 6
273 400 3
490 338 9
483 105 7
113 194 7
210 292 8
222 132 2
317 86 9
40 220 1
271 490 7
327 340 5
38 297 10
272 437 2
325 380 4
41 464 8
411 474 10
113 344 6
481 319 7
3 322 7
0 151 4
51 69 10
33 424 8
397 184 9
99 326 7
66 400 4
361 493 1
460 84 10
301 4 9
342 489 7
279 137 8
142 107 4
171 96 6
484 195 1
413 70 6
250 427 8
366 480 8
307 256 3
1 465 5
481 61 7
134 407 2
342 310 1
97 178 8
254 160 10
153 57 2
341 430 9
286 337 5
412 495 2
160 448 4
119 234 6
163 466 1
110 293 8
125 279 10
464 377 2
172 434 1
292 311 7
175 145 7
496 265 6
29 470 4
314 278 6
171 64 2
2 130 1
264 61 3
279 240 7
239 347 1
269 12 8
228 225 6
448 405 4
397 418 4
130 330 2
227 270 1
342 70 4
200 113 2
68 121 10
465 436 2
20 406 1
279 463 1
415 354 7
12 54 3
157 21 8
146 348 10
435 363 8
122 80 3
1 363 1
69 102 6
136 129 5
176 29 8
203 240 7
193 222 9
367 236 10
124 346 6
408 403 7
271 317 9
361 382 6
365 146 5
433 157 10
460 487 9
193 175 6
131 127 7
5 382 1
96 230 6
47 35 3
195 338 9
387 346 8
326 375 7
363 189 3
395 308 4
313 235 10
182 249 4
187 138 8
416 324 3
10 478 3
284 128 9
291 51 1
115 445 5
434 227 2
409 124 10
420 211 9
273 153 6
472 217 8
80 348 2
192 438 5
212 337 5
3 229 8
439 212 5
495 332 5
112 454 10
329 404 8
440 288 8
419 187 4
16 175 5
410 396 2
311 215 3
111 69 7
169 20 9
64 118 4
6 33 9
83 359 7
439 488 5
178 27 5
307 404 6
331 336 7
374 293 3
264 103 6
462 49 1
91 242 3
144 350 9
158 426 5
64 33 5
284 64 5
21 138 5
318 437 9
279 129 2
340 224 7
460 184 6
65 190 7
191 457 9
280 84 10
259 226 8
388 445 6
353 496 2
242 417 5
459 312 6
406 305 2
304 408 3
93 302 10
305 328 1
298 345 1
374 493 6
262 159 4
329 92 5
417 349 9
303 428 5
455 347 5
294 381 9
145 359 1
424 252 5
91 396 2
473 400 5
50 162 10
20 33 6
8 79 2
127 339 2
277 28 9
487 28 2
499 382 5
9 87 8
205 193 4
180 86 5
341 264 6
238 86 2
365 31 6
320 170 9
406 300 10
53 493 5
166 89 10
284 269 1
385 278 8
487 205 2
197 441 5
144 235 10
189 351 2
188 391 7
473 322 10
412 311 6
296 86 3
335 471 3
456 246 10
277 105 3
221 301 5
397 484 3
70 405 5
467 43 2
130 335 9
457 320 9
440 410 9
330 25 10
185 407 9
299 341 9
366 129 8
154 404 5
468 62 6
339 398 9
132 291 1
228 25 5
135 451 8
318 456 6
275 363 4
75 107 1
421 445 1
279 301 1
419 153 4
4 27 9
83 17 1
166 304 3
406 457 1
78 300 5
206 226 7
218 360 2
447 226 9
21 253 10
299 37 5
292 353 3
471 134 3
204 127 2
320 331 4
152 12 3
207 65 1
136 406 1
107 196 10
216 354 10
169 128 8
308 348 10
276 347 5
29 207 10
64 100 2
360 6 1
339 197 5
301 72 4
150 220 10
448 46 8
335 142 9
469 26 4
495 281 5
129 429 6
328 313 4
164 320 9
314 474 4
134 131 2
442 71 7
341 420 6
399 427 3
265 120 4
241 198 2
136 193 9
464 423 9
432 478 8
124 229 8
424 115 10
108 472 1
228 31 10
95 365 4
181 381 10
354 290 9
373 369 3
41 200 10
14 320 7
292 342 2
8 362 4
2 35 5
329 346 10
211 145 4
212 378 5
435 369 3
445 41 8
166 312 2
93 154 8
472 426 10
491 368 5
377 151 8
357 481 2
399 423 6
349 279 5
268 253 3
473 256 10
96 341 1
254 370 7
152 3 10
28 132 6
365 301 4
139 431 5
359 365 7
359 64 8
62 5 6
53 286 8
469 147 4
221 36 6
79 494 2
88 192 9
83 342 3
486 84 10
310 386 2
44 445 8
465 3 7
148 450 3
40 264 7
35 343 2
15 125 1
330 240 7
21 127 6
418 370 7
50 215 9
285 479 9
215 272 7
395 459 7
330 400 6
9 195 6
77 235 7
41 81 7
443 232 5
273 170 10
386 471 2
44 389 9
108 473 6
281 200 4
173 254 2
423 111 5
245 196 6
46 344 10
201 229 8
83 478 6
132 278 8
335 460 2
228 178 3
187 239 5
479 470 3
84 164 7
182 303 6
181 394 9
230 356 5
345 314 5
169 143 6
426 166 3
74 250 1
228 307 5
437 498 1
475 387 5
355 262 1
135 342 3
173 286 6
365 281 4
54 205 5
291 398 5
255 302 3
218 59 9
119 443 8
266 261 1
207 270 1
192 418 1
116 204 2
172 355 3
329 268 4
345 11 6
410 258 9
161 439 10
171 389 10
205 447 5
360 484 1
246 259 9
459 288 6
265 196 7
291 129 9
379 265 2
91 210 5
40 403 7
214 437 2
107 496 4
12 31 3
0 131 9
308 93 5
187 54 1
37 102 6
340 359 2
317 267 4
118 334 4
451 69 10
303 246 9
57 233 4
248 203 4
225 439 1
364 151 9
359 481 3
341 196 3
83 164 9
238 467 1
336 417 10
93 172 10
130 90 7
195 304 8
156 256 3
422 314 4
424 30 9
128 374 10
387 359 10
495 441 9
218 118 10
66 236 4
465 147 2
235 254 10
210 154 8
432 80 9
167 383 10
440 469 7
12 72 5
157 306 7
122 477 1
164 142 2
33 259 6
186 454 3
477 489 1
145 16 7
380 389 6
79 421 10
429 471 4
176 496 8
263 314 8
119 63 2
346 18 5
335 413 10
221 370 6
235 137 6
444 211 10
458 182 8
45 368 7
329 290 2
389 481 7
445 233 8
324 401 8
190 93 9
324 111 3
174 27 5
141 27 9
97 51 6
29 66 7
123 416 1
63 480 9
389 180 1
48 221 1
497 231 8
234 246 6
378 262 2
333 469 3
462 25 8
322 360 7
307 406 9
470 53 1
436 144 2
305 296 7
226 122 3
188 126 9
221 384 1
14 128 5
233 282 4
31 330 7
288 48 3
264 162 7
441 316 3
175 25 8
218 494 5
212 65 2
410 152 7
66 225 1
322 218 10
89 43 10
6 27 10
389 459 8
171 92 4
107 445 10
92 490 6
199 475 2
88 349 6
286 257 2
112 141 8
103 47 7
292 123 8
291 205 10
346 272 9
146 415 10
122 368 8
356 484 10
122 249 10
408 210 8
398 140 1
332 339 5
240 22 6
279 417 9
116 319 10
230 432 6
413 305 5
111 350 4
279 360 5
315 363 4
17 427 2
28 22 10
333 371 10
401 478 2
499 130 8
151 94 7
181 319 1
450 275 3
319 404 3
164 259 2
313 481 6
175 38 4
446 114 10
156 486 10
203 244 7
2 218 5
344 286 3
315 322 7
127 235 1
278 478 8
159 276 8
26 456 2
223 476 5
19 264 7
78 445 4
399 9 3
359 364 7
121 332 1
9 404 9
454 206 3
343 448 8
387 347 5
475 111 2
431 32 3
75 150 5
35 385 6
328 196 5
4 338 6
455 22 2
443 464 7
387 232 5
370 399 5
176 313 4
169 349 10
467 163 8
359 177 2
479 412 10
357 486 3
474 362 10
53 360 9
378 309 2
362 250 5
166 389 9
490 268 8
28 323 7
224 1 9
241 392 10
179 347 8
65 146 2
180 275 9
276 79 10
75 159 7
323 422 3
304 203 1
264 74 7
4 85 4
488 398 8
263 302 2
39 48 1
13 216 2
189 81 10
56 298 1
131 57 6
452 233 6
331 261 4
358 389 1
388 427 1
324 164 10
468 224 6
298 412 9
455 109 9
234 240 1
292 196 1
21 230 1
369 12 6
414 27 4
188 75 10
241 432 6
113 430 2
31 48 4
277 354 5
321 199 1
92 437 4
49 284 10
122 29 4
497 461 8
298 436 4
473 250 7
474 176 8
337 299 2
117 106 6
427 302 8
268 48 4
205 328 10
73 303 9
292 396 6
324 180 4
173 7 7
75 438 2
381 207 5
491 442 6
471 441 9
115 68 6
365 332 6
133 248 7
424 166 2
469 435 2
293 2 1
352 153 5
391 361 3
272 413 8
236 186 8
21 359 5
373 499 7
408 295 10
376 479 4
409 63 8
344 51 9
403 340 1
388 116 10
73 57 3
173 68 4
71 351 9
97 80 2
389 343 2
221 220 8
468 458 1
42 488 3
334 110 4
18 481 9
9 241 4
71 378 3
31 139 1
490 279 6
230 281 8
471 213 4
167 445 6
380 478 5
206 274 8
137 448 8
59 345 1
17 27 5
313 498 9
94 52 10
475 64 7
73 190 3
433 389 6
458 288 4
135 111 2
488 416 4
372 292 2
91 428 7
74 341 1
30 409 6
312 125 7
492 51 9
407 422 2
218 5 2
100 262 8
12 116 8
248 109 2
144 400 2
228 192 2
190 168 2
200 481 6
273 115 1
420 407 9
130 265 3
284 180 6
328 163 3
63 158 8
334 470 8
188 280 2
237 84 4
50 251 5
435 64 6
311 423 1
454 189 1
394 144 5
447 294 4
271 269 2
467 177 4
112 428 7
267 434 1
304 433 4
332 394 6
290 177 9
303 183 1
165 68 9
158 142 1
239 279 9
190 238 9
114 271 8
167 300 9
29 451 6
416 29 5
354 128 7
117 94 10
392 474 5
400 3 2
88 464 6
207 461 1
329 208 2
180 410 7
122 171 3
399 282 6
477 150 10
328 255 6
190 395 4
55 386 3
247 109 6
444 249 4
346 475 6
346 468 6
346 357 8
170 111 5
160 478 3
396 425 1
409 175 8
53 123 8
157 347 1
47 286 10
432 120 5
262 50 9
379 161 5
202 103 3
417 146 10
48 216 6
430 340 3
19 362 6
373 413 7
321 492 7
199 287 3
499 295 3
231 278 4
70 442 5
258 174 10
315 127 4
436 339 3
421 219 7
223 284 5
250 178 8
198 448 8
189 196 7
219 453 4
10 182 1
350 279 2
386 81 5
252 109 3
32 300 2
409 432 3
450 262 7
96 424 3
55 113 5
224 33 10
314 179 5
27 34 10
299 68 10
158 386 10
235 406 5
420 324 8
484 450 6
94 112 9
304 386 5
166 401 8
28 231 6
273 1 3
93 326 4
284 467 9
454 55 6
10 40 2
237 101 1
362 185 7
445 298 6
20 359 9
266 319 2
376 249 7
422 282 1
445 359 3
113 489 7
323 343 3
86 184 2
122 456 1
75 397 1
214 404 3
270 304 8
139 440 8
225 116 2
484 177 2
483 165 6
415 391 3
23 27 1
367 188 7
361 311 10
312 188 2
339 435 9
67 136 4
75 371 2
186 43 1
413 107 8
177 466 7
94 37 10
321 71 2
4 26 3
51 120 4
457 348 4
258 291 4
413 73 3
260 206 4
473 146 3
300 237 4
168 300 9
274 139 7
319 343 10
230 153 8
415 23 1
272 12 9
3 342 4
306 389 2
437 300 3
278 69 5
20 82 2
460 355 10
311 184 6
233 178 9
168 46 5
476 342 6
480 146 9
386 454 3
428 381 4
389 43 3
216 367 7
477 230 8
320 130 10
315 271 8
83 352 1
139 433 8
61 388 9
332 435 4
402 445 4
345 44 4
80 382 2
158 164 1
438 404 3
181 311 1
371 282 3
172 262 9
371 262 1
84 113 2
407 128 1
180 200 3
17 267 2
162 25 2
76 323 10
97 117 1
186 42 4
50 478 7
377 11 1
479 66 3
129 314 8
79 241 4
193 85 7
114 52 7
208 408 8
372 380 9
81 18 8
309 443 8
318 29 3
273 179 2
358 47 1
237 140 2
405 232 3
191 357 5
376 270 4
388 111 6
264 177 6
474 266 1
56 418 3
368 118 6
354 416 8
90 144 9
259 267 2
203 436 8
86 39 5
462 262 6
455 331 8
202 295 3
132 169 3
87 140 5
400 371 7
176 139 10
80 314 3
371 459 10
486 292 8
262 432 3
358 297 3
248 361 9
460 147 10
247 233 1
446 98 1
126 231 10
3 79 5
360 165 3
483 208 1
96 335 10
202 34 2
66 335 7
269 229 7
36 124 6
256 340 6
435 490 10
362 270 7
284 117 6
394 249 2
153 307 1
492 305 3
496 342 9
141 347 1
431 233 2
140 104 1
444 13 6
466 94 8
221 331 7
459 218 4
131 258 10
167 468 5
145 228 5
139 459 1
461 153 2
146 264 7
177 162 10
87 424 10
499 214 1
37 144 1
114 90 3
253 74 9
253 308 2
459 384 6
52 248 2
417 166 3
287 358 10
5 86 8
96 98 2
8 365 7
321 322 8
404 202 8
126 458 5
454 29 1
10 145 9
106 196 3
122 364 3
101 197 1
372 278 6
302 343 6
237 33 7
190 442 7
186 149 3
390 306 10
402 1 9
149 436 3
378 351 8
291 210 3
414 406 9
449 21 8
182 80 4
305 146 6
34 188 4
52 388 4
378 110 6
197 232 9
448 261 5
173 199 9
77 399 9
410 95 9
313 350 1
209 265 5
111 131 8
49 237 1
54 331 5
462 42 6
387 465 1
436 499 6
164 23 3
256 117 7
72 130 1
53 204 1
449 176 10
297 187 7
287 272 1
298 219 4
474 459 10
46 465 5
129 83 4
371 70 4
340 165 7
189 202 3
121 194 7
38 13 10
32 441 3
198 267 10
63 150 3
240 333 2
442 182 5
418 105 1
435 366 8
303 379 1
100 250 6
481 394 7
350 35 4
147 459 5
242 440 6
384 399 8
497 121 1
308 66 7
395 422 2
59 460 7
248 9 7
72 389 10
309 292 2
117 461 9
264 151 10
356 387 5
25 156 9
423 61 4
310 14 5
98 466 8
191 315 8
396 119 2
342 5 10
162 473 7
285 53 6
103 277 1
328 410 3
169 68 5
496 112 8
314 2 8
129 31 6
174 298 6
461 152 2
389 68 5
161 316 5
184 443 3
103 65 6
125 97 2
475 144 7
372 215 10
198 62 4
488 492 7
42 456 5
237 31 4
458 344 4
426 13 7
336 490 2
199 474 2
145 223 2
215 305 6
288 473 3
17 73 10
358 478 4
460 215 9
248 176 6
484 201 1
111 180 9
206 46 7
484 419 8
381 206 1
312 369 5
93 39 3
222 369 10
272 443 7
370 441 4
316 138 9
109 7 4
295 317 9
148 4 5
94 389 6
178 201 10
429 109 9
264 400 9
60 388 2
491 400 10
218 260 5
160 114 10
280 419 2
130 88 2
347 142 3
321 72 1
173 301 3
486 443 8
311 69 9
120 124 9
176 148 2
138 429 5
372 279 2
120 398 4
415 167 10
51 436 9
241 483 5
43 454 9
492 480 9
23 372 10
133 185 3
103 493 6
162 0 2
451 236 2
105 104 10
92 219 8
222 76 2
413 397 10
119 206 1
246 294 3
338 258 4
287 193 4
314 379 2
154 187 8
441 105 7
391 187 6
6 319 10
492 333 4
256 389 7
482 374 3
8 162 6
308 226 10
289 134 3
81 123 6
406 113 7
398 169 8
108 114 7
156 497 7
217 191 3
119 71 3
61 34 2
351 127 1
440 45 6
41 469 4
461 258 1
348 97 3
337 210 4
249 74 9
373 361 2
46 364 3
394 426 5
357 276 4
77 2 10
394 101 4
382 495 4
306 142 8
252 358 4
286 267 2
498 346 2
379 174 10
91 194 8
45 410 1
83 332 3
112 408 9
471 372 6
291 451 8
399 152 5
387 115 6
495 313 6
27 493 8
208 298 3
322 94 5
304 469 1
275 153 9
240 392 2
298 327 3
231 119 5
401 1 2
476 385 10
109 428 8
398 301 8
318 441 2
411 112 1
422 175 3
460 44 1
349 437 6
468 484 10
307 385 8
471 67 8
85 414 3
497 278 1
479 159 3
52 173 2
359 219 8
160 482 2
140 407 6
299 276 6
121 190 4
236 342 2
434 98 4
66 369 10
322 390 1
193 176 8
470 388 3
349 20 3
457 33 5
173 417 8
328 118 5
239 367 9
86 409 1
156 282 9
475 244 2
395 117 2
453 458 8
359 347 1
462 226 6
205 290 2
280 302 9
202 38 6
263 101 1
427 393 1
314 232 2
209 214 8
208 326 4
89 435 3
294 280 1
22 231 5
276 399 2
89 248 7
376 476 7
286 366 9
302 219 8
349 186 5
119 457 7
158 162 8
27 223 4
213 12 6
84 226 1
306 331 4
89 359 6
449 296 10
187 132 6
356 165 10
401 10 9
323 494 8
196 455 1
360 272 10
200 478 6
103 13 2
240 153 5
478 62 6
222 387 3
498 79 9
230 367 3
94 228 9
416 487 6
264 453 10
316 327 3
405 48 6
390 273 2
166 473 2
351 8 3
299 422 2
202 153 3
76 131 2
99 443 2
489 483 9
22 36 9
420 135 6
41 90 8
385 451 10
221 434 4
149 160 6
393 305 10
204 498 2
138 92 3
304 60 8
94 171 9
255 471 7
219 7 1
155 263 9
117 20 7
210 162 2
29 61 9
206 468 3
31 345 6
162 147 7
198 354 2
92 454 9
362 58 3
340 206 9
200 256 10
461 308 10
168 208 6
134 238 5
182 0 10
22 35 6
496 106 6
6 244 1
212 262 4
304 338 1
168 271 7
24 497 2
1 208 6
368 99 2
329 490 3
169 320 9
457 150 3
378 66 2
46 237 2
173 64 6
244 371 8
305 372 8
444 379 5
354 449 10
389 425 5
476 423 4
325 438 4
25 480 10
221 298 8
50 181 10
491 256 1
417 280 3
363 482 6
488 46 8
285 478 3
447 288 10
453 338 2
8 332 6
298 317 3
445 190 7
214 431 7
146 445 5
318 5 1
224 41 7
388 292 4
282 193 4
448 10 10
62 143 7
176 378 3
327 248 1
485 44 5
442 145 5
147 106 3
307 191 3
398 250 9
470 299 5
19 77 4
349 19 7
139 233 1
460 220 10
308 322 8
473 87 2
160 96 4
364 52 2
100 422 7
121 347 2
46 257 5
460 164 5
283 193 4
462 481 3
167 123 10
51 128 8
401 57 9
489 396 9
338 54 3
494 337 4
245 136 7
84 450 9
303 262 6
228 324 4
253 113 8
493 296 1
471 260 5
89 63 7
144 386 1
229 317 2
37 22 10
268 405 9
278 164 3
211 451 8
416 121 4
281 168 7
361 452 3
230 446 4
309 202 9
71 194 9
363 364 4
398 168 4
357 71 9
37 68 9
327 292 8
415 257 10
402 470 5
331 456 8
118 213 8
230 380 6
110 402 6
298 347 9
124 495 5
392 46 9
318 394 9
313 232 10
232 234 6
389 234 6
354 15 9
124 123 5
89 170 2
7 462 10
273 465 9
422 167 1
214 116 4
318 458 7
256 442 8
179 375 1
45 14 2
95 407 3
323 208 4
116 403 6
388 444 10
81 436 1
288 57 8
194 124 6
117 413 2
463 61 7
81 45 2
415 138 9
73 397 5
257 112 6
393 423 3
436 210 9
116 160 3
190 354 3
415 289 8
125 328 7
75 487 4
390 418 3
351 462 8
190 142 2
147 435 9
89 397 5
494 67 1
226 44 10
142 51 2
212 323 1
61 198 2
483 297 6
52 428 6
79 269 10
312 213 10
264 485 6
447 210 10
425 203 8
37 193 7
83 390 6
459 427 6
145 47 2
28 445 8
487 97 7
441 36 4
434 223 10
137 486 6
485 410 6
121 59 1
219 333 1
134 194 9
86 269 4
259 254 5
270 53 5
194 140 2
452 482 3
472 60 1
139 122 4
133 17 5
59 397 5
154 493 1
382 152 1
294 339 10
76 386 3
92 207 5
266 333 5
436 102 2
425 223 2
373 299 8
18 494 3
65 391 1
63 25 9
320 124 3
40 254 7
104 291 4
161 398 5
499 357 3
205 108 8
488 373 10
190 90 1
467 377 1
170 36 2
381 168 9
325 390 1
54 174 5
125 472 5
301 452 10
0 35 6
370 65 4
313 386 7
439 416 5
159 413 4
213 184 8
449 417 8
73 179 2
421 43 2
364 207 9
2 454 3
204 407 8
487 366 2
476 260 8
100 358 4
239 310 7
125 272 1
370 433 10
394 88 6
152 491 5
285 458 8
498 408 10
437 172 1
294 353 2
364 462 7
407 153 8
496 169 5
324 375 7
136 270 5
119 171 1
471 173 8
283 137 8
445 10 9
2 68 6
135 437 8
135 56 7
252 450 4
211 185 7
175 241 4
342 147 8
9 357 10
451 43 3
54 376 2
472 80 1
496 298 2
330 273 7
137 12 8
199 11 1
434 10 10
350 34 5
113 390 2
388 434 8
393 2 10
258 199 5
177 145 9
332 52 9
484 246 4
62 321 1
77 336 4
476 369 3
470 499 2
18 245 9
56 380 10
137 471 2
65 345 2
101 261 10
356 135 9
3 406 5
480 293 4
108 420 10
35 83 4
349 167 5
327 295 7
123 398 2
128 111 6
333 202 5
454 341 2
24 289 1
323 253 3
62 431 3
210 276 5
274 296 3
225 332 2
60 386 5
246 39 9
198 238 10
476 465 5
172 399 8
303 114 2
442 236 10
254 242 3
385 103 7
199 459 8
70 87 9
295 158 5
215 159 9
73 293 3
353 81 1
115 451 1
303 46 6
379 180 9
165 444 10
157 200 8
331 85 7
282 58 2
325 187 8
294 98 2
443 366 7
460 488 3
474 285 10
286 268 1
72 13 1
51 416 4
145 50 2
472 351 2
224 260 8
242 330 7
439 141 8
385 229 5
262 28 1
146 207 4
368 495 8
151 460 4
6 76 5
180 226 3
50 63 2
206 411 2
365 223 7
427 32 6
336 225 1
494 456 5
479 135 3
262 196 9
340 441 10
29 363 5
369 24 9
224 452 7
86 400 8
57 462 1
287 259 8
131 295 6
231 134 9
19 68 3
79 51 2
123 244 6
120 216 7
274 21 9
143 291 1
171 156 1
104 257 3
407 353 4
496 91 4
16 101 4
280 360 7
278 25 5
36 337 8
70 391 8
118 364 8
58 228 1
396 184 4
472 376 5
428 388 3
27 301 8
308 242 5
412 75 1
68 275 10
44 491 8
443 151 7
451 201 3
77 188 8
153 42 1
374 158 1
436 145 10
37 483 5
38 260 1
140 113 9
452 262 8
478 411 9
269 201 5
325 246 9
94 115 2
17 260 6
338 187 7
377 389 8
200 40 1
284 469 7
201 432 2
196 381 1
345 12 7
392 319 3
43 146 9
464 442 8
144 203 7
259 82 9
75 404 6
389 293 3
418 433 1
193 29 10
227 43 5
237 102 7
180 101 4
249 29 5
414 30 9
422 295 7
260 152 4
387 427 6
492 235 2
409 98 8
149 322 8
124 219 1
384 320 7
253 31 3
167 100 4
350 13 4
316 488 2
204 168 7
52 207 9
487 54 4
3 340 2
246 274 6
241 481 6
409 420 2
81 109 7
425 149 10
318 296 4
209 172 9
119 420 7
46 305 2
92 456 5
139 342 5
427 100 6
2 191 2
464 398 4
325 364 8
195 457 1
272 195 4
114 38 4
132 61 1
413 30 6
44 443 3
386 483 10
2 52 9
377 329 5
28 314 7
64 75 1
386 47 9
224 186 10
431 348 7
38 449 8
334 329 8
340 470 9
188 375 4
495 213 3
176 372 10
190 427 10
345 98 5
10 139 4
238 339 6
214 168 10
93 378 4
279 436 4
78 465 5
357 380 8
489 9 9
124 52 9
188 303 3
329 163 6
494 330 4
300 335 2
129 214 9
461 147 5
397 117 6
420 282 7
451 250 1
434 326 2
171 379 2
461 467 10
490 479 8
63 469 8
230 464 5
418 117 10
111 366 9
205 298 5
424 254 10
99 267 7
35 315 10
125 189 7
297 419 9
482 204 8
357 85 8
328 376 6
408 260 10
483 447 2
257 484 2
326 27 9
345 428 4
372 363 2
106 479 9
177 86 6
276 284 10
265 421 1
381 237 3
444 464 3
37 414 10
140 349 6
199 311 10
83 364 3
253 17 1
378 416 7
152 311 5
397 238 5
367 362 8
124 492 2
225 211 9
144 5 8
417 222 9
215 344 3
0 7 8
148 203 5
49 310 4
376 402 6
184 208 4
102 343 4
236 277 3
423 453 1
267 260 8
259 445 9
90 241 9
295 60 5
415 32 5
60 231 3
139 427 4
243 296 5
295 128 5
340 399 10
241 484 4
250 177 5
178 190 6
276 342 6
185 18 10
385 415 9
114 434 2
365 120 6
392 309 4
85 335 2
281 462 10
497 261 8
400 211 1
315 303 10
34 289 1
95 248 8
355 463 9
494 113 8
174 125 4
408 167 9
258 412 4
326 49 10
86 138 2
139 277 2
104 170 10
469 397 1
316 372 9
212 161 6
162 495 9
247 443 4
40 477 4
321 156 3
435 253 10
351 186 7
458 191 4
9 376 5
239 250 6
124 312 3
28 36 1
329 479 9
223 84 4
207 102 6
164 24 6
165 225 7
425 305 9
420 26 7
95 466 7
281 412 4
405 22 7
494 224 2
345 7 8
138 388 5
488 481 8
339 376 4
312 339 2
425 430 4
23 291 5
83 240 3
427 206 2
39 165 4
470 119 7
122 10 4
82 485 2
130 266 1
496 425 9
271 175 3
102 111 8
136 388 3
382 449 1
17 394 2
301 444 4
204 195 8
232 220 3
97 268 3
62 215 2
495 260 6
151 168 7
76 21 10
59 416 1
183 487 1
222 308 2
476 13 1
322 476 1
53 184 9
435 313 4
497 410 4
490 476 2
270 122 3
362 52 8
8 293 5
484 350 4
216 410 10
149 199 8
391 279 2
475 403 9
105 477 9
355 339 10
210 442 6
60 289 5
63 87 9
291 191 9
446 48 10
419 104 6
454 128 4
164 389 4
458 333 10
461 430 6
332 323 9
475 253 9
206 148 5
344 402 7
486 9 10
498 309 9
256 464 10
184 295 8
131 452 9
233 448 8
393 93 3
364 431 2
233 325 5
106 56 7
165 355 1
173 87 8
47 268 6
451 62 10
486 15 4
161 438 6
233 142 6
271 288 8
429 456 6
457 159 10
339 158 10
427 199 4
433 485 5
296 104 5
120 177 6
492 266 8
81 404 1
353 48 7
27 189 1
436 250 4
396 216 8
110 392 7
414 65 8
2 287 10
433 217 8
375 238 3
329 255 9
263 381 6
222 219 5
234 237 4
327 61 5
472 52 10
16 482 8
489 200 1
174 378 7
315 118 5
310 275 10
468 327 10
402 365 4
213 293 8
386 154 10
124 319 3
432 472 7
312 250 8
38 271 9
465 198 2
441 383 1
55 9 2
214 46 2
217 360 10
58 16 5
227 315 3
341 408 9
18 484 1
95 1 4
240 238 6
303 26 5
40 171 4
10 222 3
258 181 4
421 359 8
148 240 4
338 432 7
381 467 2
42 156 3
208 32 3
337 28 4
281 119 3
411 290 5
101 171 8
296 462 8
86 347 8
238 449 1
483 493 9
190 375 5
7 92 8
214 352 5
304 273 5
232 258 1
138 486 2
318 408 10
498 286 3
455 313 9
274 149 7
170 289 1
413 409 7
227 98 10
281 486 1
152 444 3
55 334 9
12 443 3
297 256 5
368 490 9
450 392 2
99 419 4
114 494 6
345 485 10
230 106 10
141 145 1
409 143 2
423 498 10
396 44 4
147 462 8
374 36 6
307 359 3
194 28 6
418 114 3
121 378 9
456 383 6
304 362 3
160 477 2
77 76 1
328 116 2
403 333 5
136 85 10
325 465 8
261 339 5
167 447 7
383 300 9
315 157 7
235 113 8
23 495 8
181 7 7
255 295 7
377 460 3
29 82 5
157 235 6
68 304 3
375 59 7
18 167 10
326 319 5
11 124 7
366 14 3
315 53 6
374 181 6
84 490 4
33 239 4
199 379 1
453 333 2
129 312 3
118 186 3
400 110 2
29 163 8
378 106 2
375 464 2
412 484 5
250 351 8
118 55 6
264 287 3
331 464 9
407 124 7
150 116 6
92 28 2
105 425 5
163 75 7
164 452 3
50 350 5
378 317 10
245 205 2
27 68 4
461 61 9
145 136 4
282 22 3
402 408 3
371 56 3
18 4 5
311 453 2
105 263 9
205 384 2
181 434 8
28 146 2
176 347 10
246 495 6
129 14 4
134 75 3
20 244 5
226 98 8
63 244 8
27 57 5
138 473 3
329 206 9
333 107 2
197 466 5
409 390 7
45 135 8
494 397 2
339 493 5
148 378 7
448 214 4
295 154 2
134 6 4
326 449 8
490 458 2
358 244 9
258 469 9
235 221 8
253 161 2
205 477 8
490 371 5
169 365 4
195 82 1
323 46 3
386 0 2
273 29 1
282 335 7
287 129 2
287 248 6
128 246 6
156 200 3
377 67 6
336 436 1
18 67 3
430 137 3
9 172 10
36 277 9
420 163 1
132 495 4
419 50 9
254 383 4
392 106 9
65 429 3
6 341 10
203 27 9
304 69 1
418 334 9
177 398 7
48 196 4
98 373 8
452 75 5
216 291 3
367 300 6
314 256 7
34 323 6
112 430 10
96 465 7
83 395 2
337 239 10
217 143 7
155 119 8
438 90 6
257 166 2
382 198 5
483 352 1
85 495 5
312 281 9
83 348 1
68 228 10
305 223 10
53 15 7
130 180 10
243 134 2
446 88 8
80 443 8
366 396 6
210 77 4
374 85 2
448 253 8
70 377 7
39 69 5
105 398 6
231 215 2
142 449 1
304 209 10
471 221 5
348 185 7
312 199 7
458 353 3
186 173 8
328 247 2
257 66 5
287 157 7
80 179 8
116 28 6
428 431 4
144 279 8
477 64 4
20 272 2
380 463 7
458 137 5
388 199 2
366 193 5
136 232 5
59 76 3
174 150 4
334 180 9
352 347 5
44 40 2
105 169 1
483 310 10
373 487 7
48 276 1
344 298 8
432 327 7
155 44 2
142 259 8
338 16 4
240 156 4
6 477 6
166 266 5
152 338 3
111 98 4
326 260 8
287 205 7
105 86 8
186 324 10
286 252 4
493 22 4
488 112 1
481 135 10
136 96 1
378 18 8
202 88 5
129 342 7
153 263 9
479 119 9
292 467 6
402 468 5
191 223 9
4 22 5
157 291 8
157 354 3
348 203 8
2 119 1
381 431 6
277 93 7
333 323 5
376 112 5
437 228 1
478 184 6
258 322 4
151 405 4
323 413 1
200 336 10
146 286 10
405 327 5
73 192 7
469 268 4
314 65 9
258 475 6
352 286 9
328 391 10
393 184 5
102 429 10
106 477 9
147 291 2
82 7 2
278 294 4
153 189 1
267 425 7
102 81 7
392 366 9
99 176 1
298 15 9
207 170 5
352 346 8
213 424 4
355 294 7
90 63 1
481 124 8
12 498 10
412 7 1
106 274 4
28 447 2
136 462 7
69 93 6
112 452 7
261 460 8
325 425 2
460 138 10
89 309 4
144 73 10
61 74 7
238 498 9
496 70 2
370 82 3
258 43 8
374 79 7
258 365 1
444 383 10
6 88 3
306 444 8
159 270 7
248 427 9
384 314 10
204 436 6
93 29 3
349 428 8
346 63 9
30 342 5
37 481 10
213 252 10
416 17 1
453 126 2
446 206 9
83 375 3
253 256 2
104 67 2
204 86 5
293 286 3
97 95 9
21 486 7
375 86 3
465 360 5
142 258 9
294 129 3
450 201 1
70 463 8
300 151 7
396 89 4
83 335 2
147 126 8
407 244 8
136 394 1
136 14 6
118 423 10
127 173 3
143 65 3
79 282 8
163 325 4
256 194 4
81 143 3
295 363 6
47 27 6
164 214 4
280 289 10
460 96 7
429 351 5
67 381 5
163 152 6
105 96 4
469 210 1
37 108 8
482 92 10
469 113 6
11 145 10
359 464 6
19 128 5
175 445 10
498 271 9
172 149 2
358 49 2
147 412 9
322 423 7
459 420 6
471 245 6
271 21 6
293 403 9
495 340 4
225 130 5
139 53 4
267 34 4
77 380 5
26 470 7
471 405 9
120 372 9
77 172 1
420 358 1
30 359 10
173 244 3
439 149 10
419 222 1
460 167 3
50 349 10
260 87 2
34 139 9
334 337 4
207 119 9
323 143 4
283 20 10
352 461 2
102 263 6
192 295 6
287 11 5
203 19 6
87 405 8
264 23 1
261 270 2
243 253 6
213 305 6
381 193 4
189 486 9
275 189 1
494 50 5
208 364 3
309 326 8
398 185 9
486 321 9
41 321 10
355 272 8
369 258 7
35 316 8
267 3 10
483 319 2
209 261 2
159 165 6
56 367 3
10 249 6
456 172 1
230 5 10
337 489 10
153 408 9
199 488 10
471 197 7
237 456 7
11 192 3
211 467 10
126 18 1
76 154 5
131 223 3
368 110 8
153 132 7
266 371 9
162 350 2
72 295 4
140 292 8
433 306 2
180 356 10
277 307 9
211 88 9
442 277 9
16 459 3
405 326 6
87 106 4
83 99 7
180 19 10
40 287 6
367 14 10
137 79 1
144 364 4
365 71 5
95 219 5
83 304 3
197 477 2
203 190 6
376 326 2
406 325 9
446 326 1
414 117 10
276 152 4
364 390 1
5 201 6
206 174 9
417 13 5
364 453 3
162 139 5
111 84 8
62 205 7
78 263 9
450 29 5
369 462 9
451 295 2
471 281 10
219 115 5
410 481 5
468 471 5
371 486 3
115 318 8
125 403 1
66 370 9
14 154 4
92 461 1
175 119 8
165 365 9
237 29 3
216 180 2
9 112 6
343 341 1
211 365 7
485 174 3
213 162 1
470 382 6
402 481 6
294 352 5
125 131 5
234 492 6
462 380 2
481 161 9
361 164 10
197 439 9
319 138 8
462 199 3
47 376 9
436 413 10
236 466 2
7 207 7
448 204 9
224 368 5
97 7 5
409 8 7
8 346 9
335 62 6
368 111 5
231 240 10
218 146 4
313 430 3
248 245 7
485 177 4
10 333 9
422 92 10
419 427 10
75 422 8
152 437 2
40 55 8
459 423 7
273 143 10
118 411 2
314 280 3
36 160 2
182 284 4
65 276 2
164 498 7
176 315 6
196 355 6
353 479 3
151 421 1
463 440 2
350 61 9
456 29 4
249 88 5
34 79 4
462 383 6
368 129 7
195 136 2
292 363 5
201 427 6
472 469 7
387 385 2
187 27 9
449 64 5
269 341 1
194 268 7
369 225 6
450 150 2
135 308 2
39 291 9
282 471 2
34 453 9
495 471 8
279 115 7
145 438 6
430 492 7
163 453 7
108 464 5
164 185 10
461 465 3
491 249 4
484 357 4
208 169 3
145 300 10
236 22 2
50 138 3
295 241 3
319 381 9
183 443 3
0 123 5
197 82 4
303 57 8
284 358 2
399 426 4
482 298 9
175 82 6
55 84 8
474 59 9
391 193 7
257 72 9
211 51 5
113 143 8
146 223 8
372 34 2
49 27 7
366 50 5
24 102 3
300 26 2
252 456 4
2 251 2
10 153 1
145 409 9
91 128 1
346 495 6
156 455 7
438 283 6
491 496 3
150 229 1
191 432 3
91 204 5
271 184 8
491 393 2
457 53 1
433 328 6
130 340 6
55 360 4
294 207 4
380 213 1
347 438 7
270 348 4
218 490 4
61 355 2
468 117 7
451 301 9
395 362 9
476 402 7
306 136 10
385 361 4
438 248 8
11 15 3
113 45 9
395 458 4
285 140 9
123 149 5
339 406 1
253 369 10
178 304 2
369 433 8
216 54 6
456 365 3
371 453 4
112 417 1
487 482 7
374 249 8
354 397 2
334 378 5
172 353 8
159 253 1
202 186 4
360 229 7
399 34 4
341 117 8
132 284 5
214 481 9
176 246 7
288 282 3
286 221 6
453 382 5
308 151 2
372 93 2
5 142 8
305 299 1
335 103 5
461 438 6
94 351 1
265 289 2
435 138 4
139 112 1
373 219 5
464 388 6
289 121 6
221 209 5
355 50 4
332 209 8
346 0 4
465 94 3
333 427 5
175 192 10
413 106 9
177 281 9
235 470 9
160 382 7
465 482 3
297 350 1
141 162 3
352 390 10
202 393 7
490 22 10
424 165 1
224 152 10
340 26 10
460 265 5
93 410 8
298 306 8
370 113 1
204 49 8
231 198 6
191 57 1
168 236 9
279 60 7
131 101 5
417 32 2
477 176 4
354 122 3
479 149 9
21 78 5
93 265 4
400 84 5
329 248 6
430 6 4
40 47 9
411 258 8
466 97 3
50 364 7
377 471 9
481 272 3
95 405 8
123 9 1
371 360 1
109 387 6
305 200 9
307 367 10
80 113 1
371 194 7
138 339 1
85 350 3
477 84 2
37 334 7
233 349 10
44 263 7
380 78 10
10 325 6
156 168 3
94 80 5
194 19 9
265 254 9
266 240 6
370 129 9
404 114 9
247 145 1
174 20 9
416 433 8
367 306 10
253 425 6
177 14 5
37 96 8
403 83 3
67 295 9
352 350 7
280 386 8
454 413 10
429 476 4
311 81 1
80 290 2
53 265 3
355 391 7
121 108 7
229 139 1
20 137 9
312 338 6
109 406 4
3 21 7
304 431 6
190 438 10
87 298 4
10 188 5
54 15 7
217 415 6
235 71 6
10 21 10
149 357 7
166 19 2
185 294 4
489 373 3
385 294 8
92 271 10
466 117 5
53 60 6
162 93 10
267 22 1
495 157 6
291 366 10
461 268 7
40 198 9
349 3 3
370 122 3
151 491 2
311 482 9
129 250 9
19 204 4
352 201 8
417 445 9
444 292 2
367 73 5
96 93 7
218 438 4
261 26 10
416 250 6
406 197 3
483 281 10
395 310 6
131 447 9
233 82 8
95 389 2
173 274 10
274 309 5
180 46 4
387 24 7
14 243 1
306 486 10
423 357 5
437 473 1
89 416 8
103 332 3
212 465 10
149 208 10
70 77 2
219 76 2
252 22 2
31 33 4
485 469 8
166 370 9
267 151 5
235 493 2
241 194 9
360 326 10
206 48 8
440 331 3
17 302 2
417 78 5
123 195 7
46 379 4
210 23 9
340 112 6
355 270 8
395 290 2
324 33 2
492 184 4
365 202 2
471 174 2
19 342 9
183 388 9
229 140 5
409 91 1
71 238 3
44 488 4
236 107 2
334 138 9
479 210 4
349 427 10
132 307 5
228 24 10
386 452 10
52 227 5
387 204 10
84 324 8
6 340 10
281 26 1
154 409 7
326 54 8
392 220 6
421 57 3
152 86 8
154 425 6
269 6 8
230 162 5
143 170 3
316 109 8
197 307 3
495 11 3
67 33 6
122 82 8
229 99 7
82 288 10
221 452 4
243 355 10
393 272 1
361 374 8
46 268 7
300 487 6
180 233 7
17 398 3
220 418 2
433 252 1
119 146 1
347 42 2
229 212 3
47 73 5
385 200 9
159 459 2
488 318 9
251 399 5
32 436 1
499 194 8
45 378 9
448 11 9
246 86 4
287 237 9
10 0 5
266 155 4
219 375 10
31 247 10
144 87 3
118 179 10
170 254 3
282 446 8
475 455 10
7 468 3
275 410 10
57 16 1
456 385 8
41 189 3
260 270 8
44 391 5
53 271 2
237 40 3
260 52 8
429 474 2
387 78 4
172 348 3
52 372 1
25 374 3
248 107 3
432 190 6
343 36 1
67 220 8
271 373 1
267 315 6
18 366 9
372 360 3
232 193 9
333 135 1
419 163 1
267 39 8
352 372 1
78 254 3
224 22 4
199 180 5
32 187 5
180 311 10
315 103 2
406 304 8
189 72 6
433 381 9
298 195 4
217 112 7
319 433 2
44 223 2
161 51 9
22 107 3
282 438 10
306 295 9
344 34 8
191 212 2
115 84 4
368 50 4
451 139 4
181 148 5
478 341 10
75 172 7
92 415 7
459 421 2
94 110 8
18 404 1
170 274 8
170 466 10
488 499 1
270 428 10
107 322 4
97 484 9
354 446 10
16 286 6
53 54 6
343 441 4
371 96 8
489 469 4
476 200 1
277 311 5
463 5 10
442 3 5
53 130 8
106 406 6
54 32 9
456 402 5
102 41 9
393 398 9
213 177 8
323 192 4
180 417 6
160 41 3
259 204 6
67 89 9
387 39 10
356 317 3
420 355 5
490 226 5
483 36 3
136 199 4
81 394 8
315 471 4
239 473 7
446 196 7
283 25 1
278 256 7
87 252 3
36 339 6
144 151 6
327 235 9
492 41 4
313 345 6
282 311 2
121 350 8
177 265 4
319 117 7
53 359 10
316 427 6
71 104 4
444 485 5
322 329 5
203 163 6
238 278 2
392 334 3
470 114 1
17 231 4
175 31 10
139 154 1
256 308 8
233 426 1
425 418 2
219 168 7
430 399 2
307 332 3
41 330 1
97 212 3
135 151 4
79 281 6
217 163 5
419 366 3
137 77 8
45 493 8
20 226 2
184 215 7
299 435 10
252 425 3
379 487 9
348 361 10
444 405 3
263 334 8
30 166 4
200 60 9
455 91 10
208 94 7
10 46 9
29 96 8
273 3 8
189 146 6
120 231 4
144 449 6
41 191 6
104 248 8
363 395 7
127 8 10
363 448 5
32 274 9
11 49 8
342 491 4
376 67 6
279 291 5
97 208 10
23 160 9
187 352 6
334 308 3
425 410 3
74 170 5
327 403 5
232 244 9
409 253 6
331 443 9
275 21 8
221 304 1
193 90 2
303 99 1
431 455 2
231 391 6
137 16 2
35 400 7
388 340 6
342 193 4
299 76 1
432 260 7
185 64 6
468 186 4
440 78 10
432 328 3
409 377 7
15 29 4
263 437 10
390 320 3
396 456 4
285 146 4
92 146 8
412 148 5
74 283 3
235 448 7
379 138 7
344 287 2
248 135 8
32 61 7
441 199 9
426 0 4
490 133 1
138 480 6
423 55 4
21 199 5
35 260 1
368 39 10
262 23 9
367 105 2
291 28 4
112 243 8
249 85 1
479 18 6
328 361 10
85 31 6
255 52 9
80 224 9
352 38 1
248 415 2
62 358 2
188 31 10
92 334 10
300 157 8
257 400 3
113 277 6
44 220 2
298 264 8
125 381 2
304 250 8
283 136 5
334 115 9
269 3 4
296 494 7
38 368 6
479 349 2
480 254 5
273 283 8
297 156 3
37 364 8
264 322 10
410 106 2
394 411 5
39 103 3
52 252 10
89 348 3
432 109 8
35 418 4
124 99 9
82 315 9
368 384 3
120 281 7
368 26 4
397 243 3
372 223 3
155 260 8
291 61 9
368 333 2
14 166 3
446 215 8
329 1 2
68 220 4
35 6 4
241 120 8
356 26 6
324 147 1
15 361 4
31 127 8
337 13 3
444 213 10
116 462 8
442 217 6
37 247 8
128 182 9
106 311 7
195 220 6
244 274 10
430 210 5
328 388 8
348 54 5
210 356 8
119 445 5
204 441 5
25 154 3
394 43 7
313 143 3
22 114 6
59 283 9
65 396 6
415 337 9
399 153 10
413 135 4
342 382 2
225 446 7
321 31 10
318 214 2
241 138 9
56 219 2
200 94 5
178 390 5
178 171 2
350 166 5
167 115 4
28 251 7
153 99 4
220 10 8
344 124 6
317 19 3
336 14 9
45 164 2
228 401 4
35 388 3
469 319 6
15 197 4
415 128 7
247 182 5
341 180 6
142 0 10
96 164 4
154 196 9
310 251 10
392 111 2
270 254 1
435 231 7
147 366 8
4 3 7
96 343 6
431 298 9
344 103 2
437 483 3
14 230 10
90 363 4
201 155 10
298 481 1
394 161 5
362 103 7
245 323 6
360 347 1
14 457 6
302 383 1
186 484 6
127 285 9
421 424 3
291 131 8
316 173 2
468 124 1
496 330 8
176 51 2
372 239 2
38 164 8
387 165 8
246 4 4
380 84 5
199 283 5
263 333 3
37 58 5
162 389 8
127 431 2
475 110 4
267 124 1
218 223 2
89 33 1
229 8 8
130 212 2
155 78 9
279 26 5
28 198 5
123 114 2
362 27 1
411 454 9
249 81 3
280 455 5
160 405 8
389 285 6
387 322 7
239 281 8
432 61 7
340 342 2
63 386 1
334 202 8
0 174 8
306 430 7
75 102 2
282 267 6
46 254 1
115 410 9
483 430 2
6 412 2
249 223 3
238 175 2
19 297 9
342 1 10
291 8 8
76 250 10
343 26 3
40 155 4
64 261 3
41 375 8
35 60 9
348 141 10
169 360 6
212 187 7
379 251 1
174 495 10
274 418 5
47 378 2
354 267 10
64 311 6
387 72 8
344 445 1
134 399 9
85 39 2
198 21 4
390 137 10
229 134 7
24 350 8
231 423 5
48 298 1
148 324 10
39 189 9
77 241 2
20 116 6
38 133 3
241 167 9
132 349 9
239 7 6
298 133 6
184 164 8
1 261 8
354 193 7
194 338 9
10 463 1
158 462 5
159 69 10
297 464 4
45 422 2
308 79 3
413 460 9
324 0 5
99 338 9
238 287 8
386 331 1
60 191 3
277 456 7
106 231 4
146 106 9
207 50 2
46 222 10
147 340 7
194 8 4
419 183 1
196 131 1
478 497 9
260 282 6
271 95 2
468 281 7
102 320 8
255 286 10
321 297 6
36 391 3
223 175 8
55 299 9
62 244 10
380 376 1
282 115 4
317 243 8
126 244 2
412 95 8
184 150 3
77 371 6
347 274 5
37 166 8
34 252 8
386 288 8
161 412 6
123 60 9
381 8 7
35 305 8
135 4 4
97 299 6
463 137 8
70 320 6
292 80 8
95 414 7
220 439 3
128 94 3
472 123 7
481 47 7
345 23 3
289 172 9
130 214 10
137 310 2
498 344 5
123 49 7
0 430 6
31 373 10
84 401 8
280 174 6
360 134 4
277 140 3
186 165 5
103 342 1
54 493 10
290 467 6
115 48 10
172 236 3
355 58 2
328 352 9
13 79 10
63 435 4
249 303 8
414 110 2
33 30 3
442 193 1
112 108 1
346 487 6
189 70 7
352 283 10
373 348 3
143 131 2
47 50 3
130 365 9
422 360 4
258 325 9
404 99 2
143 100 1
54 82 7
193 439 5
328 244 6
252 253 9
86 377 10
15 386 2
315 200 6
40 369 2
448 16 7
255 421 5
301 231 2
122 379 7
48 271 6
452 435 8
216 177 9
217 349 5
77 218 7
482 87 1
116 111 4
394 6 9
486 484 1
288 24 7
266 210 6
53 488 1
202 386 10
114 193 3
285 258 5
92 218 8
176 245 9
476 352 7
208 400 10
480 329 6
353 457 9
411 45 8
126 431 7
308 172 3
101 103 9
201 361 8
171 374 8
264 482 1
322 183 8
287 218 10
440 298 6
108 390 5
330 254 4
209 95 4
343 459 3
0 466 4
409 499 7
246 1 7
330 481 7
473 450 9
436 153 10
471 202 5
143 128 7
497 250 9
56 202 3
35 173 8
346 294 4
147 148 2
363 93 8
149 105 1
392 254 2
352 485 6
35 306 3
132 196 4
238 110 4
214 286 6
232 449 7
12 15 2
292 267 5
244 436 2
9 102 1
70 379 1
444 217 3
22 175 8
12 61 2
451 226 10
167 135 10
241 70 3
493 469 5
194 293 2
116 446 4
263 281 5
250 225 6
140 177 9
305 44 1
459 181 1
89 360 6
291 275 9
438 210 6
478 6 10
107 417 8
317 309 7
478 196 6
379 380 4
418 447 1
2 71 1
84 390 1
144 146 10
255 497 5
358 348 5
193 454 4
159 216 8
364 436 6
155 209 4
238 219 8
72 315 7
303 242 10
255 486 8
109 76 2
270 7 1
20 126 6
324 417 9
296 382 5
8 360 9
373 155 7
494 61 5
225 448 5
314 225 5
18 134 1
381 50 3
256 481 10
285 73 4
221 402 8
131 209 10
25 451 5
89 214 3
423 33 8
483 337 8
116 2 7
473 263 10
208 206 1
233 194 6
45 228 5
101 122 4
51 86 9
193 108 2
42 139 6
396 278 2
12 440 4
8 259 9
340 276 3
286 20 5
393 169 6
353 43 6
24 370 2
197 190 2
487 489 1
170 424 9
232 102 5
256 116 3
499 325 3
198 484 1
114 158 6
322 161 2
434 29 8
127 451 2
288 466 2
433 283 10
358 446 10
71 314 9
198 277 5
307 182 5
180 187 1
302 231 6
419 34 6
370 80 3
153 114 1
330 96 3
37 459 6
63 113 5
58 44 5
27 272 4
372 341 7
215 416 1
100 475 10
415 204 7
409 428 9
16 232 1
238 483 1
382 358 10
468 318 6
238 469 2
102 394 3
211 453 10
34 210 5
161 172 10
7 287 8
486 425 6
400 33 1
404 207 5
96 483 6
214 153 5
203 273 6
390 56 3
88 155 5
297 169 5
266 162 6
456 147 6
25 444 4
237 210 1
108 151 4
470 69 7
463 272 7
234 497 1
159 417 5
94 154 7
326 142 2
286 335 3
351 157 6
21 212 3
190 394 2
496 215 6
307 478 1
150 296 7
85 260 6
20 429 10
242 419 7
240 242 10
18 240 7
192 499 7
221 10 7
261 268 4
157 173 3
52 9 7
181 185 5
472 344 8
163 101 9
69 375 9
214 366 7
142 22 3
161 274 5
113 202 5
297 128 1
138 253 2
418 375 7
96 106 7
436 171 1
219 107 5
472 496 7
499 19 10
49 179 10
481 385 3
116 431 5
286 166 10
366 425 6
270 137 1
27 214 8
358 126 2
404 312 10
71 60 9
204 487 3
48 188 6
345 451 8
44 25 2
76 344 2
27 400 2
116 95 8
258 96 2
73 355 1
120 404 9
162 328 6
319 62 7
410 193 8
488 403 4
85 471 1
13 212 10
379 259 7
222 413 4
388 348 1
6 485 6
15 16 4
385 67 2
215 314 8
45 172 4
120 228 4
33 122 8
371 121 4
336 253 3
228 169 2
5 330 1
81 56 3
275 367 5
36 454 9
416 201 8
15 316 2
25 384 7
89 236 2
3 402 10
399 231 8
215 53 7
264 36 5
257 312 6
372 97 2
227 327 7
399 309 10
429 333 8
7 70 1
269 385 2
202 470 2
428 26 1
420 227 6
268 412 5
44 329 6
122 245 9
239 38 6
224 457 7
224 478 3
482 62 10
414 302 9
158 91 6
393 358 8
247 231 8
171 293 9
71 178 8
212 476 6
79 234 2
394 162 9
323 479 10
113 99 9
91 38 7
362 78 7
411 44 8
383 116 1
186 249 3
165 26 8
85 476 7
499 92 8
271 122 9
488 64 1
330 309 5
231 252 1
429 34 8
203 231 1
168 311 9
85 138 1
200 96 10
410 406 4
268 221 4
452 191 5
237 422 1
353 22 9
449 300 9
157 158 8
218 197 9
83 320 8
154 349 8
302 136 10
65 109 1
220 222 1
462 27 5
285 88 4
207 246 6
334 312 3
202 220 4
11 450 10
396 165 10
340 2 7
261 265 7
385 58 5
61 435 5
71 136 8
251 331 7
370 11 5
219 406 5
69 30 6
150 303 3
408 457 2
59 47 4
361 105 8
286 280 7
406 178 3
265 329 4
147 463 1
253 499 2
212 455 5
262 12 5
279 22 9
83 108 1
462 248 9
202 425 1
133 402 6
465 344 4
23 371 7
457 37 5
188 462 2
181 167 8
97 373 1
497 179 3
5 199 7
470 458 5
369 332 1
333 181 4
96 42 6
282 330 5
105 464 5
232 249 2
413 277 7
342 364 2
361 424 10
273 427 9
427 8 2
20 201 9
218 130 10
461 254 5
292 243 8
26 488 10
470 51 5
24 130 2
65 32 4
162 73 7
372 179 8
252 97 8
11 62 3
73 361 9
483 144 8
99 476 4
406 397 10
237 396 6
396 336 6
488 23 10
38 187 7
498 484 3
353 381 10
443 295 6
384 97 10
210 219 5
436 146 1
407 136 10
270 150 10
373 340 8
340 116 2
438 252 6
231 93 9
188 134 1
396 328 9
476 486 4
478 26 10
497 361 8
35 44 9
497 329 5
291 125 10
120 98 4
473 333 8
212 377 7
407 261 3
471 98 9
358 428 7
59 307 1
492 241 6
163 408 10
177 131 9
244 269 6
231 276 8
387 1 3
476 301 1
243 105 7
313 156 10
248 126 7
298 326 2
29 238 3
358 200 9
225 118 5
195 172 1
38 209 8
181 68 5
46 419 6
34 168 7
81 58 8
398 188 6
302 491 9
270 458 1
55 76 3
4 114 7
379 158 6
327 359 7
373 330 1
47 155 8
455 485 3
28 423 4
299 180 3
121 17 5
494 129 9
282 33 6
282 387 9
88 274 1
461 167 3
147 128 3
202 248 10
338 363 5
256 135 3
183 86 9
30 345 6
311 278 8
241 311 4
448 410 3
396 109 10
398 156 7
361 293 9
15 409 2
319 422 1
222 440 3
413 80 9
272 321 2
421 282 6
324 211 9
423 499 6
118 248 10
473 110 8
101 476 9
471 165 9
380 351 8
238 99 5
14 217 2
282 476 6
494 186 1
171 417 5
394 140 10
209 127 6
267 367 2
344 296 8
2 97 10
238 75 1
102 264 8
359 381 2
279 367 10
91 484 1
160 389 1
396 5 5
428 95 1
349 24 3
238 482 3
294 173 3
125 98 10
415 98 3
150 393 6
309 15 7
134 37 7
203 73 5
72 95 4
90 292 9
352 323 2
155 121 8
116 269 2
179 344 4
338 362 7
169 469 10
465 103 7
45 280 5
91 150 10
236 343 3
394 489 9
297 253 7
417 199 2
179 148 1
22 402 4
6 41 4
333 362 2
263 442 2
440 419 7
347 183 2
232 217 9
322 384 5
252 289 10
259 304 2
410 142 8
457 435 4
350 247 1
346 483 6
40 26 10
181 450 6
111 0 5
73 391 9
379 71 6
116 56 6
32 250 10
482 79 8
153 409 3
158 77 4
142 128 8
409 480 10
320 175 2
385 466 10
23 243 1
2 252 1
360 91 8
42 79 4
392 159 9
52 16 1
303 434 3
56 41 8
305 192 5
279 159 4
339 334 7
189 448 2
314 328 8
14 296 5
31 466 6
106 210 7
302 283 9
117 359 9
112 371 5
88 281 10
8 122 10
336 492 4
404 77 8
315 421 4
243 450 9
233 420 5
208 380 6
379 339 9
19 390 5
414 317 7
7 483 10
231 85 4
23 55 4
154 199 1
343 150 8
375 365 1
18 466 7
269 130 8
250 397 4
435 391 1
304 16 3
114 41 6
274 469 8
170 63 5
55 148 7
290 314 4
116 240 6
109 214 9
238 213 9
356 191 7
140 298 6
474 111 5
198 250 8
63 347 6
202 179 3
335 45 1
431 204 3
484 227 6
461 114 6
257 209 7
290 84 4
248 214 8
71 149 6
162 333 5
460 401 1
48 311 8
124 275 2
369 141 8
116 208 3
112 252 8
489 81 2
319 195 10
76 120 2
280 339 4
484 372 9
255 406 8
428 139 10
49 334 8
299 484 6
339 24 10
349 363 4
192 72 2
402 38 9
277 146 2
395 297 1
39 350 4
467 129 9
206 262 7
41 129 4
325 156 9
106 297 5
434 357 5
295 232 10
282 211 6
9 173 1
227 160 7
225 378 6
212 7 2
186 261 7
479 137 1
2 411 1
367 296 4
154 281 10
409 396 3
323 86 3
172 450 9
21 84 1
416 73 5
45 211 8
349 485 6
476 95 6
81 420 10
124 132 7
148 202 5
84 142 9
357 294 9
357 427 7
362 255 1
275 267 3
357 1 2
88 41 7
462 409 2
423 16 10
42 292 2
439 276 6
44 402 6
410 495 2
150 439 2
28 241 3
342 238 4
241 172 7
58 3 10
462 430 2
487 358 7
484 307 10
88 108 1
340 493 3
471 37 5
404 282 5
131 56 9
435 150 1
392 209 10
458 439 5
210 198 5
253 359 8
478 99 7
196 206 10
8 485 4
212 254 7
446 231 8
326 130 1
237 352 10
411 241 10
488 177 6
34 208 7
419 316 8
173 256 4
317 48 1
223 481 8
468 150 2
230 75 6
241 422 10
33 397 6
354 138 8
269 198 2
437 364 8
277 330 3
411 181 7
262 397 6
15 233 7
155 187 6
421 226 3
456 183 8
259 266 8
127 348 3
432 177 7
42 276 7
148 400 3
260 266 6
334 213 8
34 454 6
465 244 3
103 326 5
453 252 7
119 15 3
474 236 6
130 469 2
443 388 5
56 169 2
39 311 8
121 145 2
489 387 4
116 59 1
306 447 10
489 57 6
175 47 9
429 99 9
304 243 1
403 58 4
191 19 9
73 403 1
351 124 2
274 108 1
98 405 6
124 26 8
118 217 5
302 34 9
161 111 10
335 95 7
55 82 10
433 363 7
434 314 7
375 211 1
265 208 5
458 84 1
460 202 1
49 263 6
10 349 8
310 235 7
237 285 8
221 399 9
324 247 5
306 317 8
68 24 10
152 427 4
287 279 9
46 29 5
436 376 10
299 406 4
253 298 10
261 338 7
120 18 8
19 367 1
355 47 3
106 327 5
201 36 4
198 369 1
385 27 1
292 157 5
93 28 1
453 480 3
439 52 4
272 25 2
380 450 3
395 355 7
203 286 3
163 123 2
228 488 6
20 497 6
82 51 5
399 14 9
311 187 5
135 345 7
283 215 7
64 159 2
327 299 5
388 336 4
415 175 5
452 105 3
345 85 1
223 100 1
497 350 4
65 382 2
97 55 4
166 222 3
453 321 8
276 416 3
303 440 2
135 367 2
144 385 2
392 32 3
254 415 1
373 268 9
362 36 8
206 230 7
280 227 8
146 228 6
431 157 3
83 302 2
370 89 10
443 281 7
194 244 7
454 324 9
485 265 1
360 62 2
21 349 7
438 494 1
229 422 9
70 91 4
435 384 3
267 214 7
420 123 10
120 252 3
484 164 8
449 444 5
432 295 6
106 302 2
242 229 8
423 72 5
250 455 2
281 450 10
478 30 2
124 455 7
91 221 9
389 96 4
317 150 2
477 90 1
336 340 4
47 99 2
42 473 5
184 85 10
491 16 8
324 409 7
326 36 8
230 172 6
154 359 5
431 460 8
36 246 5
239 397 1
112 30 5
198 94 4
159 1 7
177 148 10
6 339 3
496 239 8
149 265 1
498 347 10
222 44 1
384 419 7
480 423 3
384 478 5
446 72 3
142 67 9
291 19 6
188 311 9
464 69 7
292 10 10
11 150 9
149 74 3
492 375 1
109 181 9
395 350 3
368 48 5
398 379 2
6 89 1
304 437 6
4 348 4
57 300 10
281 307 7
115 339 9
335 128 9
410 146 9
454 39 2
219 211 2
234 385 9
213 287 8
280 26 2
495 36 6
237 447 3
425 485 5
280 490 10
303 411 3
188 216 9
12 451 3
288 354 4
138 168 10
472 5 6
93 187 5
492 5 7
134 386 10
170 23 9
173 91 3
132 267 8
218 375 9
93 156 2
320 474 8
318 274 6
354 58 3
134 185 5
453 424 5
300 355 7
416 379 4
465 30 10
58 425 7
36 485 1
308 13 8
437 401 6
348 60 10
84 425 4
397 80 5
366 123 5
2 125 4
434 155 10
29 427 7
395 2 2
274 317 7
421 0 10
134 435 4
15 355 2
149 57 9
357 479 9
314 481 8
76 382 4
335 313 7
355 305 1
181 392 7
123 496 2
261 302 2
129 39 6
272 464 4
169 114 3
224 449 10
131 442 5
227 224 5
163 462 6
273 483 5
75 56 10
380 46 8
122 237 4
203 21 6
410 295 6
121 365 4
456 260 3
313 108 7
334 270 6
292 149 8
361 223 6
170 462 7
426 269 4
281 334 2
399 99 9
288 294 5
149 297 6
7 230 3
33 138 1
238 207 4
55 316 7
383 89 1
378 62 7
27 421 5
272 337 1
277 465 10
113 214 5
225 337 3
228 280 6
247 458 2
199 244 9
402 204 5
149 432 9
366 460 8
14 424 6
455 205 3
427 176 2
342 187 1
51 186 4
198 73 10
414 324 4
454 185 2
452 289 5
173 251 2
373 397 9
416 95 8
424 455 1
481 425 7
166 486 2
343 353 9
404 305 9
333 172 9
283 412 2
126 79 6
463 85 6
472 298 6
401 450 7
380 417 1
96 141 6
231 309 2
133 126 2
23 53 10
183 473 2
54 211 7
474 428 6
42 242 3
26 459 7
157 96 3
71 182 2
472 346 2
471 445 2
285 108 5
296 328 2
139 477 4
351 253 10
162 155 3
135 202 10
49 142 10
278 210 3
127 129 6
379 445 7
454 203 4
440 448 8
485 381 7
306 351 6
238 338 10
473 451 5
231 349 3
466 183 4
39 459 2
384 87 2
480 499 3
221 101 2
363 75 1
354 139 1
19 120 1
430 349 6
438 79 10
286 103 9
443 186 8
324 455 7
247 470 9
457 186 2
316 200 2
139 395 6
373 476 10
427 492 7
172 46 7
458 146 3
138 126 5
106 452 2
379 162 7
89 487 5
86 239 6
124 73 1
208 437 10
471 373 1
378 371 4
226 353 8
220 296 6
459 412 6
92 216 9
346 45 6
370 407 4
231 287 9
174 28 5
253 443 1
96 370 4
372 348 3
421 267 2
336 207 7
227 453 7
15 98 3
333 312 10
264 22 3
185 352 1
181 261 8
439 359 5
343 88 3
23 14 1
125 350 4
251 414 10
107 199 10
375 468 6
15 387 10
409 216 3
134 362 3
470 238 5
12 24 2
177 67 4
154 334 5
352 449 1
311 299 5
255 459 3
327 390 2
198 383 10
422 404 3
264 444 3
171 176 4
462 111 6
242 498 1
178 105 6
272 310 3
228 426 9
356 6 8
345 102 1
311 109 5
345 108 7
134 76 5
133 314 3
138 156 6
444 171 3
461 341 8
51 282 3
243 433 3
229 472 1
408 287 4
193 355 4
481 482 3
335 40 8
165 338 3
454 452 2
183 259 9
437 74 5
165 286 10
250 117 6
398 208 7
60 354 2
415 212 9
185 244 6
296 257 1
265 331 2
336 196 10
281 161 2
407 257 8
284 293 9
193 185 10
58 219 8
278 379 7
96 59 1
498 68 4
149 462 6
209 252 9
94 301 3
166 482 9
442 102 9
182 122 1
392 374 5
461 169 1
79 298 9
408 324 1
293 151 8
135 152 3
88 157 2
347 304 4
229 423 5
206 290 4
36 469 8
18 186 9
180 121 6
197 343 8
21 339 10
393 274 4
447 491 8
282 26 2
154 133 2
280 448 7
441 247 10
348 11 6
490 135 10
251 375 8
481 447 5
201 420 8
296 63 8
460 459 1
273 464 2
444 230 8
105 450 1
390 29 2
211 461 9
378 188 10
74 229 10
104 456 3
194 333 6
86 217 8
400 62 6
327 391 8
67 197 1
466 112 7
278 313 1
97 326 9
157 413 7
408 140 5
38 58 6
331 479 3
63 310 5
74 102 5
157 453 3
10 369 1
79 134 2
454 281 6
250 17 1
463 456 4
121 409 9
30 121 6
340 482 7
481 95 2
247 463 9
448 27 9
351 274 5
483 470 8
168 189 4
51 29 6
55 180 1
35 264 3
215 212 10
405 350 8
457 157 3
297 461 10
378 374 10
218 68 6
124 313 5
236 71 10
253 150 5
124 188 1
17 51 7
281 252 8
273 327 9
192 131 10
415 162 2
313 5 6
482 342 9
36 24 5
340 66 8
118 480 10
377 214 2
207 240 7
426 467 5
352 91 2
46 432 6
21 109 8
14 314 5
176 140 6
477 287 10
370 205 3
9 461 3
239 345 5
240 405 5
249 170 9
42 273 5
212 189 7
294 424 5
482 182 9
89 455 9
248 86 4
169 421 6
356 370 6
285 275 3
208 207 4
272 92 4
276 277 8
448 224 2
461 470 9
332 220 7
274 458 8
252 482 7
104 358 8
411 185 4
332 144 4
237 252 10
290 19 2
302 384 8
407 10 9
422 484 5
338 112 7
469 455 8
0 355 9
417 293 1
399 411 1
200 57 8
254 377 10
270 492 10
396 226 9
446 351 3
246 247 3
137 425 2
151 480 3
227 423 6
53 91 1
21 208 8
259 29 5
389 152 3
355 62 4
81 389 3
23 168 2
113 458 6
426 273 2
71 386 4
171 257 9
219 1 10
245 48 3
433 153 3
358 124 6
126 398 8
123 44 7
456 468 7
8 265 5
96 471 7
270 77 8
212 449 1
431 128 9
302 243 5
97 420 1
381 434 6
128 168 9
478 391 1
425 423 6
90 22 1
419 342 9
97 391 6
426 457 6
110 232 10
179 107 7
397 206 1
431 426 5
471 191 4
36 29 10
457 425 6
250 60 4
206 157 6
307 10 4
387 104 9
163 178 10
12 230 8
315 328 8
215 187 3
56 489 7
337 397 8
229 216 9
379 88 2
85 41 8
256 58 4
141 410 3
283 187 3
257 381 8
295 5 3
370 39 7
357 482 10
460 417 1
55 190 9
50 11 6
459 265 10
440 88 8
412 62 5
369 469 10
222 218 9
424 176 7
398 470 1
484 316 10
476 175 2
265 239 7
383 499 4
81 52 4
393 467 4
179 145 10
424 11 1
23 278 2
188 242 4
388 412 2
386 495 5
133 262 2
433 213 4
129 56 3
45 145 4
56 389 5
400 79 2
72 40 1
432 428 7
348 395 6
226 47 6
229 490 8
82 59 10
209 50 10
403 373 6
111 400 2
236 489 9
457 124 3
493 0 1
0 330 10
199 52 6
456 376 6
288 464 9
495 139 9
297 351 4
64 145 4
330 321 2
44 250 4
245 199 1
87 27 1
7 11 2
470 123 6
472 486 1
491 29 6
46 324 9
286 101 8
282 481 3
88 458 3
299 252 2
383 115 6
370 111 7
59 365 5
484 21 6
284 446 6
33 497 7
451 280 1
476 41 5
320 64 6
355 494 1
153 59 2
330 228 4
256 90 2
149 157 9
256 264 9
26 130 6
351 205 5
314 329 3
441 263 6
187 0 5
234 310 2
349 158 5
106 251 3
417 233 2
215 447 8
278 373 8
366 493 4
6 322 2
62 129 1
177 434 6
230 363 7
464 78 2
416 152 2
111 78 7
301 368 8
495 393 2
21 171 8
249 404 6
466 19 3
401 463 8
61 89 3
175 95 9
45 252 5
176 200 9
308 281 3
331 347 4
444 376 1
395 188 6
190 78 9
450 315 3
409 485 5
101 448 2
379 352 4
132 243 4
360 158 10
150 123 2
494 103 5
240 174 3
145 464 7
17 99 2
373 312 3
364 320 6
163 14 9
242 475 9
113 79 2
487 481 9
102 312 10
282 358 3
139 492 5
121 10 9
214 388 1
359 108 4
380 153 3
146 409 9
476 96 2
237 405 4
455 256 9
292 92 5
471 461 1
381 409 1
339 291 2
244 179 10
87 382 4
368 107 8
340 81 6
155 300 6
392 481 2
416 496 7
388 255 7
274 183 5
255 438 8
297 22 2
224 179 8
363 308 7
493 349 2
262 347 6
137 403 7
341 465 10
4 187 3
67 280 3
385 17 5
108 117 10
20 147 10
37 498 8
108 27 8
227 136 7
450 27 8
215 181 6
449 107 6
422 265 10
132 49 3
264 96 9
113 12 8
159 380 8
247 467 10
198 261 9
216 76 7
71 7 3
319 48 1
427 239 9
476 488 4
52 404 6
303 252 1
383 279 4
423 293 2
490 456 5
295 436 2
463 278 4
290 392 9
304 378 7
360 264 10
17 478 7
22 121 2
397 241 5
314 230 2
253 176 7
373 421 2
247 274 8
321 441 6
233 19 2
312 194 4
402 353 5
456 241 10
355 421 10
69 492 8
0 84 1
267 358 10
117 363 4
131 262 8
433 316 5
389 424 9
0 310 8
367 64 10
337 211 5
301 293 5
144 493 6
391 317 4
448 132 9
152 266 1
395 181 1
61 65 5
354 353 10
179 400 9
379 297 9
4 321 5
217 214 6
69 244 3
135 386 9
87 453 3
123 320 8
431 22 2
46 76 9
437 323 1
149 203 6
44 242 5
440 327 2
207 359 2
227 235 1
52 319 4
315 8 7
216 166 7
434 76 7
369 157 7
44 76 7
373 481 2
260 79 6
399 238 4
20 107 1
327 272 3
341 304 3
113 88 6
435 273 9
253 404 7
12 245 9
203 357 1
49 99 6
327 224 2
475 41 6
186 256 7
480 372 7
43 177 10
196 141 8
250 130 7
59 295 3
360 405 5
460 176 2
405 345 2
438 225 7
30 91 6
432 362 10
205 491 10
368 362 6
466 107 10
130 215 5
492 405 1
62 66 7
113 275 5
125 215 8
244 4 4
168 78 9
482 284 6
52 103 3
324 66 9
158 388 7
421 477 4
10 495 4
43 367 9
36 179 3
179 50 6
186 82 4
483 147 3
84 301 10
288 403 4
291 355 3
489 104 2
29 395 1
167 312 6
499 468 8
272 253 6
477 3 9
457 229 5
299 275 3
140 436 10
437 438 6
210 483 2
269 433 9
86 23 8
106 262 1
388 141 8
18 456 4
412 436 4
295 228 4
345 207 1
264 288 3
204 157 8
397 444 1
33 238 8
115 232 2
75 456 6
204 404 9
42 421 2
277 498 1
59 3 5
319 275 10
226 27 10
178 288 1
237 169 10
381 261 3
28 212 1
284 241 8
119 134 3
338 63 8
197 113 9
465 279 6
308 145 8
225 39 10
122 228 7
204 362 10
19 313 2
372 446 7
272 141 10
467 115 2
141 446 9
455 131 2
115 496 7
474 399 6
402 168 5
162 58 1
345 350 9
246 492 6
475 291 8
119 429 1
118 76 6
262 252 4
59 1 10
194 340 1
391 316 8
462 472 5
217 113 8
24 325 2
103 319 7
305 470 5
90 113 7
364 160 4
498 439 1
63 410 7
447 309 6
195 351 3
475 386 10
74 482 3
333 490 7
367 431 10
167 214 5
385 338 10
108 456 1
52 489 3
429 231 3
386 182 4
47 367 1
411 374 5
54 209 6
467 151 2
179 447 10
110 362 3
187 295 1
186 478 10
285 207 3
179 251 8
414 495 1
223 323 2
381 184 8
156 214 1
266 297 6
174 46 4
15 153 6
356 416 8
172 1 9
148 146 4
443 243 9
105 386 6
157 166 3
114 410 8
304 373 8
382 164 6
431 486 8
437 216 10
16 274 6
3 331 9
400 422 4
442 279 6
473 139 9
67 326 5
330 407 1
262 36 7
187 308 4
297 400 3
329 340 8
158 238 7
301 480 5
234 457 9
128 475 8
209 371 3
364 380 3
71 450 2
159 205 6
154 5 4
319 51 2
244 492 6
21 373 2
336 393 9
404 473 9
293 66 2
482 155 5
407 15 6
316 268 9
448 419 8
241 81 2
356 433 8
422 435 5
280 315 7
333 392 9
384 57 5
392 403 3
204 258 10
94 474 7
303 488 8
61 349 10
376 317 5
120 300 9
154 489 5
341 385 6
269 43 5
112 356 7
55 494 3
90 299 2
93 122 5
145 184 6
248 184 3
312 265 2
27 292 3
81 135 2
236 284 4
50 443 3
391 114 4
382 182 4
223 227 6
427 455 4
23 227 7
86 338 2
284 453 7
314 369 8
22 52 9
397 263 9
342 442 6
334 422 6
220 470 6
46 16 2
149 93 2
84 345 3
20 260 8
48 267 5
15 363 5
115 395 9
222 111 1
34 353 2
427 63 9
278 19 5
264 127 10
362 106 1
427 322 4
210 133 3
443 94 4
484 330 3
434 219 10
466 229 7
462 343 2
480 344 9
136 229 10
376 108 9
489 241 5
333 382 10
286 483 8
116 348 10
470 304 9
463 205 10
332 270 3
430 412 7
203 206 10
339 289 9
272 416 2
284 432 5
287 284 10
100 193 5
20 352 5
223 6 1
256 322 5
305 280 9
182 300 7
286 259 1
251 333 8
168 27 1
337 124 5
74 217 8
441 356 9
313 280 2
275 413 8
447 368 9
388 137 5
5 114 8
171 19 2
37 131 9
450 191 3
398 46 7
368 136 6
493 213 6
395 494 3
334 395 2
257 276 10
81 12 10
112 233 8
343 50 4
40 417 2
385 497 1
144 205 6
231 107 4
68 67 2
346 270 4
300 293 2
272 252 7
210 62 9
87 214 1
183 235 7
446 36 4
133 179 6
41 38 9
43 433 1
190 104 8
3 199 1
80 440 6
287 459 7
499 14 5
370 165 7
129 306 6
256 150 4
413 109 2
425 6 5
240 189 8
351 342 1
288 255 2
125 230 2
367 286 3
343 395 9
187 394 9
188 36 10
299 142 3
58 125 9
406 54 2
493 28 3
193 253 2
459 156 3
253 64 2
363 156 8
208 243 5
104 466 4
159 37 8
259 453 7
427 114 7
288 297 4
454 30 7
376 348 3
459 363 5
77 275 5
216 483 8
329 10 9
178 223 4
343 336 6
274 271 5
175 344 7
65 352 9
24 473 4
469 415 8
132 332 1
31 16 4
163 136 8
13 247 10
273 138 2
103 273 7
435 375 7
156 248 4
49 209 4
135 24 8
149 341 2
138 361 9
92 187 9
369 477 5
124 90 7
332 223 7
373 71 2
363 388 9
64 139 10
352 448 2
196 254 6
421 148 6
427 169 3
377 304 10
81 178 3
493 126 10
127 126 4
170 455 2
204 215 7
118 395 9
188 492 4
339 141 10
423 302 8
483 31 3
493 233 4
115 8 2
90 437 7
280 68 7
86 13 2
257 424 5
136 248 2
206 211 6
460 154 8
9 170 6
409 479 9
423 277 5
291 452 8
408 353 1
490 322 3
490 82 2
469 125 3
405 314 9
53 129 6
187 430 7
146 222 9
80 474 6
281 490 1
398 170 5
316 136 2
191 324 1
233 497 8
422 342 9
69 223 6
271 327 4
252 487 1
18 63 3
358 421 7
135 83 7
240 236 10
283 306 3
259 390 1
412 366 8
168 51 5
251 281 6
141 270 1
188 223 4
455 55 1
449 332 9
206 74 3
300 264 8
183 72 1
218 444 3
238 191 5
30 261 5
240 206 5
473 63 7
412 393 10
81 253 5
407 393 3
497 249 4
478 431 7
429 269 2
196 447 1
56 253 1
76 295 8
238 117 4
492 465 5
477 239 2
459 211 10
261 137 1
88 138 8
257 321 3
350 231 1
3 266 3
488 176 10
273 278 1
155 399 10
187 108 7
160 98 4
252 331 7
492 125 10
346 478 2
313 64 10
163 497 3
398 356 4
241 26 10
183 493 7
450 83 2
19 395 10
25 19 8
490 296 1
15 353 4
328 344 7
3 308 5
271 144 10
343 217 2
45 278 2
132 41 10
22 347 4
307 297 3
249 211 7
261 282 7
290 138 5
436 89 3
346 364 5
139 79 3
371 469 4
446 151 8
280 406 1
217 445 10
61 391 9
50 257 8
240 440 3
386 377 6
189 410 3
207 333 2
118 231 7
28 293 3
191 281 8
391 479 3
141 470 1
351 125 1
417 61 10
312 183 10
332 198 6
70 197 3
476 396 10
76 423 1
367 121 10
278 17 7
6 185 1
399 421 2
329 130 8
316 486 10
462 439 2
486 358 6
242 7 10
389 134 1
120 331 2
262 321 1
5 493 6
441 368 5
32 75 2
85 488 4
157 451 3
384 155 10
403 51 1
70 221 5
109 123 3
0 294 9
115 246 7
365 409 7
185 162 10
43 94 9
394 370 3
465 237 3
381 19 10
195 119 4
327 317 4
232 290 6
395 376 10
351 408 9
151 10 3
69 151 4
328 242 8
336 291 2
124 400 1
112 159 2
8 303 7
22 472 10
372 174 1
131 463 10
104 146 1
451 251 5
12 165 5
44 274 7
58 94 1
67 10 3
157 207 1
366 429 2
260 440 2
139 6 6
105 176 5
192 491 10
350 38 10
40 268 2
282 47 5
318 373 2
154 214 6
269 400 9
37 140 10
109 205 5
260 483 6
488 234 7
474 482 7
439 135 1
336 143 3
395 455 1
107 383 5
50 175 3
123 467 9
436 447 5
305 24 5
270 223 10
8 10 7
31 166 7
247 297 5
191 90 10
440 425 2
117 204 6
24 316 8
337 101 9
439 244 9
10 433 10
427 491 4
400 50 7
74 367 7
356 146 2
124 256 3
