1 100 2000
0 1 3
0 2 6
1 3 5
0 4 2
2 5 10
4 6 1
3 7 1
5 8 5
6 9 1
6 10 6
9 11 2
5 12 5
12 13 10
11 14 7
7 15 8
11 16 2
15 17 4
10 18 7
5 19 2
13 20 10
7 21 3
15 22 8
6 23 1
21 24 3
23 25 5
18 26 8
20 27 6
10 28 4
25 29 7
19 30 3
14 31 7
16 32 3
21 33 3
4 34 7
0 35 1
28 36 8
35 37 1
7 38 8
5 39 10
32 40 3
22 41 6
21 42 8
17 43 4
36 44 8
28 45 3
37 46 9
36 47 9
25 48 2
31 49 7
39 50 4
44 51 8
42 52 8
33 53 2
4 54 5
27 55 9
43 56 7
30 57 8
39 58 6
14 59 1
19 60 8
23 61 7
0 62 4
55 63 9
6 64 10
42 65 5
34 66 8
52 67 5
11 68 8
26 69 9
10 70 9
47 71 8
17 72 10
15 73 6
37 74 2
55 75 8
39 76 6
3 77 4
35 78 9
66 79 9
51 80 10
60 81 2
35 82 8
27 83 4
62 84 5
27 85 10
65 86 10
34 87 8
32 88 9
69 89 1
34 90 9
65 91 7
11 92 8
81 93 5
74 94 10
37 95 6
77 96 2
50 97 5
79 98 10
68 99 4
15 4 4
97 12 5
78 54 2
1 95 4
21 23 2
61 62 3
80 86 9
73 47 9
29 76 1
49 72 7
31 19 3
53 36 4
82 47 4
35 54 6
18 86 9
39 75 2
4 73 5
54 99 2
64 85 9
66 8 9
35 83 9
56 88 8
13 56 6
16 27 9
33 14 2
7 51 9
70 83 1
66 1 8
51 56 10
11 49 8
1 87 3
10 40 8
5 42 7
35 16 7
21 45 5
87 18 9
16 74 10
11 26 6
43 22 5
47 41 10
30 73 3
55 18 7
99 48 4
1 68 10
31 37 1
76 24 3
13 86 4
13 45 10
31 2 10
54 69 2
21 84 7
97 71 6
28 58 7
0 7 6
9 97 4
53 70 2
84 48 4
42 74 2
27 12 7
12 59 1
89 72 4
12 91 7
52 20 2
7 44 10
65 87 2
72 41 10
19 18 3
53 86 7
5 84 7
14 3 7
53 29 5
2 33 3
65 98 1
44 30 10
11 69 1
1 71 1
29 65 4
49 47 3
9 7 3
61 24 10
39 65 1
32 52 10
87 58 5
64 9 10
7 58 6
33 22 8
27 31 10
79 19 7
62 73 10
58 72 7
71 7 9
80 26 10
52 70 4
41 9 2
59 18 6
47 89 3
63 74 5
56 59 4
5 80 6
25 75 6
19 90 4
73 35 5
13 24 8
46 84 7
25 12 8
91 59 7
37 80 2
10 24 7
26 64 9
37 3 2
7 42 9
34 8 4
8 73 5
92 57 6
61 30 1
75 57 9
63 14 7
71 94 2
64 82 1
4 69 10
63 29 5
74 36 2
48 70 8
6 49 2
1 83 9
2 57 10
40 1 9
55 38 6
30 50 4
16 80 3
76 74 3
57 52 5
19 78 9
96 90 8
9 3 5
55 16 10
33 17 5
94 66 4
12 51 10
6 17 10
68 74 3
1 31 6
4 21 1
34 25 3
7 53 7
63 23 1
85 79 10
11 6 6
42 6 9
93 69 8
26 73 10
20 32 9
35 51 9
88 0 4
54 29 6
55 4 7
28 16 7
15 16 6
39 82 4
39 95 4
66 18 9
18 54 1
62 89 6
58 69 6
8 17 8
96 51 4
10 72 4
77 72 9
69 50 6
33 58 1
32 60 8
21 14 4
56 22 4
8 29 9
94 70 5
78 63 3
36 20 2
76 66 3
29 26 10
67 24 5
46 61 7
41 99 8
4 26 10
72 73 4
53 49 2
72 84 3
19 25 1
13 29 10
37 2 1
84 15 6
35 93 1
10 75 7
40 70 5
46 53 2
35 47 1
83 8 7
56 2 7
66 43 8
63 93 6
41 40 8
50 79 3
81 94 7
54 25 8
58 66 2
65 17 2
25 11 7
11 91 10
73 7 5
57 84 8
37 79 6
41 46 10
82 15 1
63 77 6
47 14 9
21 76 9
7 63 3
45 54 8
62 71 8
67 41 4
59 97 7
25 68 3
84 54 6
19 38 7
91 22 6
20 38 3
76 17 6
85 98 6
2 73 9
85 25 1
26 70 10
74 40 7
79 86 1
53 11 9
40 24 1
44 94 8
73 84 9
40 30 3
38 11 10
95 23 4
99 31 3
94 30 7
11 17 6
72 61 3
82 60 5
75 44 1
53 50 9
44 24 7
64 89 3
99 17 8
79 69 1
77 5 7
50 49 4
2 3 4
42 2 3
29 2 1
66 21 6
56 15 1
49 12 9
79 44 1
9 30 6
27 73 6
10 27 8
52 6 9
89 13 8
13 49 3
90 16 10
36 48 5
71 17 9
64 71 4
57 53 6
42 41 5
2 52 4
37 30 8
36 84 9
93 17 9
38 46 5
9 53 6
56 4 9
7 96 4
57 25 8
52 75 1
29 98 7
38 24 1
77 65 3
40 81 8
92 2 3
83 53 7
85 36 8
50 46 2
53 98 4
12 44 10
54 80 9
20 51 5
72 25 9
89 41 10
8 36 9
2 9 9
3 13 1
12 47 10
98 91 9
83 68 7
66 71 8
18 79 10
30 8 2
68 6 10
83 96 1
87 60 6
75 24 4
32 29 7
37 28 5
88 47 2
58 46 1
84 63 10
0 95 9
25 58 8
27 8 5
19 4 9
34 28 9
65 50 6
34 68 4
29 50 8
58 34 9
14 46 10
73 77 1
7 67 10
91 28 2
31 65 9
95 56 2
46 11 9
22 10 6
44 77 4
88 60 5
41 62 4
80 47 3
36 52 9
99 65 9
82 80 10
95 85 4
1 99 10
54 51 4
6 66 10
5 72 1
67 26 5
71 45 2
30 42 3
44 43 5
96 82 10
10 36 2
27 59 1
26 25 8
55 31 3
30 12 3
3 39 8
82 30 6
46 90 6
32 61 4
29 74 9
8 79 1
59 7 3
54 67 5
2 94 8
30 89 2
30 68 8
50 72 8
54 60 4
25 46 8
11 3 4
30 59 10
18 40 2
75 27 5
57 66 6
96 47 10
81 99 3
34 76 4
73 93 3
27 18 4
83 9 8
97 22 2
87 46 8
45 87 7
55 17 8
35 85 3
12 76 9
11 63 10
23 83 9
30 81 10
99 85 7
26 91 9
35 27 1
35 13 4
94 41 9
37 98 10
22 17 10
43 45 8
41 38 1
16 71 3
30 31 10
27 51 9
77 34 6
36 7 1
30 84 7
28 14 10
92 12 5
17 69 8
34 70 6
64 13 5
81 90 10
45 2 3
23 88 3
7 56 1
79 81 6
72 15 2
18 30 6
67 83 8
19 2 9
1 93 8
36 82 8
14 38 8
11 58 2
96 64 7
99 35 9
26 48 10
72 20 4
81 44 1
13 75 1
4 35 2
48 96 4
25 20 3
40 20 6
67 38 10
34 88 7
57 74 3
86 90 3
38 73 1
31 61 6
61 53 8
14 96 10
15 52 3
61 13 1
68 17 10
27 21 10
19 45 7
66 12 5
58 65 5
30 75 5
12 39 6
36 11 3
46 24 1
39 16 1
30 33 9
76 26 6
2 90 5
70 7 3
48 81 4
29 12 7
45 3 6
61 14 9
40 65 4
88 57 2
42 53 3
94 60 8
44 41 10
11 37 4
0 27 5
52 4 1
69 15 5
11 22 9
42 23 7
6 93 8
54 91 6
43 46 1
65 51 6
95 32 2
96 70 10
45 29 2
77 62 5
51 11 9
79 42 3
17 48 6
9 67 5
16 36 9
29 97 4
93 39 6
56 0 5
16 49 8
52 50 5
91 38 2
16 23 4
55 90 6
69 21 3
96 52 4
9 55 8
20 41 8
66 53 10
15 36 5
91 51 9
46 22 1
92 27 1
78 18 4
14 50 4
86 78 6
62 31 7
88 86 8
15 46 7
70 23 4
44 42 1
37 71 4
80 97 6
39 44 8
99 63 9
46 65 4
15 25 8
16 4 4
46 77 4
4 82 9
25 60 1
71 5 3
39 36 9
59 85 1
78 46 7
65 90 1
98 51 1
14 91 8
78 93 3
53 93 10
74 67 7
20 34 8
56 82 7
78 2 6
54 40 4
6 7 3
81 10 5
38 21 7
2 83 1
30 28 5
48 9 5
56 73 5
29 17 3
8 10 9
37 66 1
88 68 2
47 15 8
4 98 4
17 84 7
76 20 8
7 76 3
27 44 2
41 10 7
67 73 1
63 31 6
10 9 9
94 58 9
77 61 9
69 71 5
3 96 3
8 45 3
11 45 4
75 54 1
31 88 3
13 50 4
57 62 1
97 35 9
9 56 8
7 22 10
18 77 8
24 47 8
45 49 6
65 66 3
95 64 8
14 13 1
17 80 10
73 44 10
81 64 3
83 21 2
10 47 2
63 38 7
28 7 3
50 24 7
60 90 9
62 83 2
71 50 3
72 40 7
21 85 6
2 17 1
34 94 8
8 42 6
8 82 10
7 11 1
51 95 10
64 52 7
78 82 7
88 48 4
32 35 5
91 15 9
74 64 7
84 85 8
52 8 5
38 62 6
41 92 10
41 33 1
48 92 8
29 37 7
70 55 4
97 47 8
15 9 9
19 95 9
60 51 7
18 3 1
82 7 6
32 68 8
77 58 10
44 15 5
37 36 8
70 43 1
37 22 6
74 71 6
26 12 10
38 34 6
7 33 2
56 10 7
17 28 9
83 13 8
25 63 9
95 75 4
17 98 5
73 0 1
9 57 7
42 24 1
60 2 5
27 82 6
70 50 3
66 42 2
87 23 6
1 22 5
57 16 8
90 75 3
76 89 8
26 7 9
68 80 4
53 77 7
75 2 3
94 1 2
83 72 3
23 43 3
17 14 3
54 87 9
19 29 5
15 14 3
83 89 2
83 28 3
94 7 6
73 34 3
85 13 8
79 87 2
8 1 6
33 25 4
88 92 4
96 44 5
48 43 9
8 74 2
45 17 4
4 44 6
93 8 3
4 61 7
44 63 1
7 90 9
57 50 7
38 99 4
11 96 6
66 97 2
48 42 1
44 14 8
85 5 6
69 99 7
53 51 3
69 16 8
60 41 1
23 12 9
92 32 4
5 13 5
88 90 3
92 58 5
11 84 3
13 66 2
54 77 5
60 73 3
71 63 6
42 12 6
95 29 9
44 61 6
49 54 8
79 43 6
86 22 2
69 28 1
88 80 6
45 37 1
14 62 1
46 63 9
95 61 1
25 79 5
89 45 7
4 77 4
67 80 3
59 57 6
44 57 2
91 29 3
83 60 2
14 60 2
7 92 7
79 96 9
99 71 3
9 25 4
34 3 1
84 94 10
68 59 2
65 82 7
52 37 6
85 54 1
44 48 3
28 3 8
34 23 1
28 21 2
23 59 5
21 62 3
58 38 1
28 77 9
24 78 5
53 63 10
52 1 5
10 63 7
24 60 1
13 34 4
20 66 10
40 33 9
24 94 2
7 35 10
63 16 9
15 83 8
33 24 1
9 98 1
26 78 8
23 94 6
75 50 8
23 28 10
18 61 3
66 86 9
99 15 10
86 17 5
88 20 8
1 73 1
57 55 2
21 65 1
82 55 8
91 19 4
95 25 3
13 87 1
47 28 1
7 98 10
14 39 4
75 85 8
35 12 6
56 6 6
62 76 6
99 3 10
89 44 10
21 47 6
70 15 5
44 70 1
46 51 3
15 41 2
68 66 3
49 77 7
64 73 9
84 29 2
32 89 9
98 93 9
25 71 1
29 44 3
94 55 8
68 75 7
44 10 5
30 48 9
52 60 2
80 38 3
43 67 1
65 10 2
70 71 6
7 69 3
0 58 3
18 23 9
64 94 5
91 37 4
60 11 2
16 19 6
34 15 7
79 77 4
10 74 8
75 38 6
40 69 5
65 32 4
60 85 9
11 27 1
64 80 2
42 38 6
38 85 9
43 81 10
15 55 9
91 82 8
14 51 10
65 5 1
6 35 9
54 88 7
83 93 8
91 44 9
36 87 9
14 22 8
42 68 7
89 40 7
3 12 4
42 36 1
38 53 8
52 66 8
97 46 1
32 71 10
12 33 4
76 64 5
89 87 7
32 48 5
85 76 2
65 56 7
40 77 1
82 21 5
59 39 2
3 43 4
10 45 3
74 66 6
14 45 3
87 42 3
54 58 7
48 34 4
67 63 4
61 58 2
61 20 5
59 13 1
42 4 5
61 70 4
25 49 5
29 7 3
56 67 10
94 26 10
75 1 1
82 63 8
77 85 1
35 40 7
52 9 7
48 69 4
33 59 6
78 15 9
56 97 8
82 44 1
69 13 10
86 32 1
45 22 1
56 27 5
28 49 5
73 74 8
23 84 2
48 71 7
44 78 7
29 93 8
38 22 5
7 45 5
9 87 3
48 8 6
42 3 6
38 64 3
78 51 7
14 70 9
96 76 5
44 2 5
88 8 9
97 28 1
90 40 1
80 92 3
96 42 5
57 34 7
75 18 7
79 55 6
56 94 2
56 39 8
67 8 1
90 12 10
13 15 10
81 12 7
76 36 2
6 51 6
94 28 3
28 85 6
65 95 9
75 63 7
10 49 4
66 96 9
40 84 8
87 77 4
50 7 7
62 28 5
92 65 8
72 68 2
0 63 3
83 94 7
67 51 3
18 28 7
30 23 3
4 65 4
3 81 10
80 34 5
55 40 7
19 28 10
67 70 7
69 35 8
81 61 5
47 17 4
70 37 6
5 66 2
35 48 9
34 98 1
5 53 7
50 58 6
12 55 2
15 18 3
19 10 1
62 69 1
38 15 8
90 32 6
54 92 2
49 5 9
60 21 9
0 42 2
15 3 10
17 27 6
50 60 1
32 4 10
0 79 2
79 95 3
6 46 9
8 12 9
22 57 8
71 59 3
18 97 4
78 50 9
55 51 4
73 87 10
48 79 6
40 36 1
4 81 1
67 78 4
53 15 8
11 61 3
23 10 9
21 49 5
86 48 1
81 70 5
13 36 3
65 23 4
44 47 10
9 89 7
90 15 7
99 34 2
43 97 8
63 5 1
58 95 9
9 91 2
40 13 10
55 36 4
5 86 4
74 83 8
73 98 1
35 81 3
32 18 1
14 75 10
51 43 10
4 62 5
89 93 4
22 3 9
19 71 1
52 30 10
65 79 8
16 87 10
63 13 2
40 6 1
94 45 10
47 54 4
96 81 1
11 44 8
9 54 8
18 99 2
28 54 4
1 65 2
22 80 8
63 68 2
61 78 9
37 24 2
73 3 1
96 85 5
3 58 10
30 35 1
8 81 4
16 29 10
79 60 4
58 55 3
50 9 4
31 20 7
81 69 4
66 45 8
39 96 8
37 13 6
97 2 4
89 77 2
31 0 1
54 36 1
64 5 5
80 71 5
64 37 8
39 61 6
47 1 5
68 76 8
0 83 8
47 16 7
54 44 8
22 74 2
45 77 6
82 95 10
33 70 2
64 22 5
15 54 6
95 6 4
53 84 4
38 40 8
72 67 1
16 53 9
94 57 4
15 20 7
32 77 5
92 24 9
66 33 3
38 6 7
71 84 5
38 48 7
0 14 8
22 4 10
88 17 5
39 20 10
61 2 2
56 32 10
82 38 8
14 88 4
95 73 9
34 47 3
75 47 10
27 50 2
37 15 2
8 50 1
80 33 4
5 1 2
74 34 10
98 48 4
28 59 4
55 14 10
39 38 7
97 62 6
89 8 1
47 52 4
85 24 6
72 45 6
71 52 3
13 38 1
78 64 5
94 90 2
99 36 9
98 18 9
81 24 2
5 97 3
14 43 9
26 13 10
68 78 10
25 22 9
80 20 4
60 89 4
91 78 4
19 72 9
58 20 6
72 30 7
80 58 7
6 71 7
3 23 9
88 96 7
25 77 6
30 74 3
58 42 7
7 18 4
62 44 10
46 40 3
88 75 4
92 35 2
63 12 5
63 19 10
57 73 8
45 91 4
85 62 1
95 87 8
50 15 3
86 67 6
87 74 6
31 38 8
93 77 8
2 48 8
53 82 8
26 57 4
10 88 6
33 43 7
27 15 7
13 94 6
67 96 5
39 42 2
62 12 3
32 19 2
61 54 2
22 77 2
62 68 3
75 17 3
68 52 4
1 50 2
66 72 8
91 92 6
85 70 3
5 15 6
3 84 1
36 9 5
89 7 2
8 32 8
22 55 6
33 71 9
53 62 1
86 51 6
94 72 6
24 18 1
21 95 7
63 8 9
96 97 9
8 57 7
49 90 3
85 88 2
12 89 6
71 55 8
14 41 9
8 76 6
48 55 10
78 85 2
32 75 9
43 9 10
58 24 2
22 44 2
67 50 9
29 0 2
63 94 3
66 85 5
42 37 3
75 49 6
55 78 8
39 18 3
46 96 6
62 3 3
85 31 3
7 54 9
9 18 4
29 5 2
2 27 8
65 44 1
15 51 4
93 72 7
75 36 2
46 48 10
58 37 10
26 98 4
58 75 3
64 57 4
52 31 4
72 75 9
39 52 2
96 25 7
33 32 9
88 50 1
83 65 1
88 19 7
16 59 9
66 83 9
39 55 2
71 15 7
27 88 5
51 72 5
96 69 3
75 4 4
60 18 7
2 82 4
51 75 4
60 78 9
34 55 1
95 20 10
19 87 1
52 43 2
9 13 7
73 13 8
62 52 5
41 93 10
46 93 4
58 51 1
72 8 8
93 91 3
89 74 1
44 56 10
94 4 8
16 65 9
79 52 7
68 39 10
35 71 10
87 20 4
67 39 8
35 3 8
45 36 2
15 77 10
57 48 9
66 40 2
28 4 1
38 68 2
62 34 6
18 0 9
18 4 1
76 71 4
35 56 5
39 7 4
96 61 2
78 72 2
9 38 2
22 90 5
96 24 3
40 79 7
73 50 10
43 1 4
69 78 8
58 30 2
66 70 10
73 20 5
71 56 10
60 22 6
56 55 3
55 67 8
87 75 4
44 16 9
62 48 7
80 98 1
39 34 1
59 62 2
81 80 1
97 53 10
47 95 10
22 47 2
76 72 1
10 1 1
56 99 3
72 56 7
49 96 10
41 85 4
34 75 6
63 88 7
72 24 3
94 18 4
9 90 2
6 24 7
12 1 8
33 11 2
45 96 3
56 14 7
53 90 4
80 61 1
97 25 4
8 4 8
97 92 3
10 64 2
16 83 7
92 36 6
83 36 1
96 16 1
22 72 8
20 64 8
67 84 3
68 37 2
67 11 1
35 25 9
54 13 3
37 21 7
57 81 5
32 87 4
41 76 10
46 54 9
58 52 8
21 56 1
35 58 9
27 90 4
56 29 8
17 10 7
54 30 5
2 85 1
32 21 6
69 32 6
95 76 7
8 6 8
81 20 3
55 73 10
12 71 1
14 54 6
47 8 1
91 6 10
91 50 4
67 82 6
11 28 6
21 89 9
27 67 5
63 57 9
79 21 10
13 25 4
7 31 3
8 94 9
63 24 1
86 1 8
15 10 9
61 55 5
85 37 3
36 14 9
56 89 4
63 50 6
20 71 4
26 30 1
27 66 7
67 13 8
35 17 4
67 66 1
51 16 10
95 60 5
16 40 5
15 96 5
89 14 4
88 13 10
1 7 6
49 4 2
70 78 4
17 61 3
28 46 6
5 83 6
45 15 3
47 59 1
50 25 10
78 22 5
50 44 8
10 67 2
56 19 8
30 66 1
68 28 2
54 1 1
39 94 9
89 58 1
90 66 1
43 40 9
17 12 3
47 72 5
93 37 6
63 32 9
0 32 8
10 71 1
54 62 2
36 77 6
25 83 6
20 53 9
71 51 10
44 40 1
62 90 5
69 25 9
9 1 6
8 54 9
45 57 1
85 15 6
61 34 1
91 81 4
94 11 8
61 52 3
21 64 5
7 14 2
30 71 2
80 40 9
38 37 8
83 58 4
82 31 10
28 92 4
43 92 7
70 86 3
46 64 9
21 92 1
54 79 8
99 93 8
50 17 8
66 49 5
28 99 5
10 13 8
4 11 9
3 40 5
63 72 5
47 0 9
92 34 1
0 87 7
24 87 7
30 36 2
65 71 4
99 26 3
51 88 10
48 56 1
60 80 8
97 98 9
89 26 8
82 37 8
90 38 3
15 97 10
20 97 2
41 82 4
88 38 5
42 75 5
67 77 6
12 22 7
84 19 3
22 95 3
87 93 1
81 82 4
1 64 8
50 85 5
91 84 9
25 1 3
97 34 10
22 84 5
35 79 8
91 47 3
18 47 9
96 26 3
55 32 5
50 40 3
52 16 4
69 82 9
32 34 9
68 46 7
61 26 3
61 40 9
88 89 9
28 31 7
10 77 1
26 37 7
59 26 1
37 87 5
3 76 3
61 41 10
53 68 9
85 1 7
51 21 4
91 58 7
28 55 7
57 20 5
47 58 8
75 66 1
31 90 6
62 46 8
43 80 3
92 42 3
82 10 8
57 43 5
33 26 5
36 69 6
31 64 7
22 85 2
49 59 9
51 85 10
28 2 3
90 51 9
19 69 6
29 34 7
52 80 6
0 99 3
84 75 1
17 36 7
16 5 10
90 24 8
20 54 6
92 20 2
30 39 6
14 97 9
43 34 10
97 0 9
46 59 1
15 62 8
23 15 1
16 33 8
82 17 8
41 51 3
40 62 6
91 25 3
72 12 2
81 55 2
9 75 5
3 93 10
39 21 4
91 16 2
48 47 10
46 36 4
31 11 5
0 59 3
18 37 7
57 18 8
92 78 1
75 80 6
64 40 9
26 21 5
57 93 2
66 24 7
12 67 7
12 10 3
41 59 8
39 17 4
83 76 7
34 82 8
66 16 6
63 86 4
84 76 10
32 80 9
81 26 4
97 45 7
71 90 10
39 1 3
34 2 4
18 51 9
82 70 10
51 62 7
13 74 2
79 36 4
60 31 2
2 43 10
96 92 9
87 44 1
63 49 10
39 54 1
41 57 4
2 98 8
82 24 5
96 84 9
18 5 6
38 52 4
95 54 10
5 67 2
94 38 9
90 47 10
8 39 7
35 77 1
61 21 2
68 3 2
9 59 6
78 81 8
45 78 4
59 5 3
35 9 8
1 32 5
86 28 9
40 37 6
68 64 9
7 62 4
16 18 6
33 19 3
45 0 1
77 23 10
93 96 10
43 7 5
67 69 2
72 96 3
40 8 9
19 52 10
75 59 5
21 73 8
93 82 8
97 61 1
49 33 2
45 99 8
33 1 3
65 11 1
74 45 5
89 39 3
0 28 2
12 82 1
11 54 8
94 0 5
20 65 1
80 14 6
84 78 4
5 78 7
25 53 2
12 38 2
94 48 7
50 6 3
63 17 10
17 64 8
94 52 9
82 75 6
27 78 1
4 2 10
71 75 8
7 13 9
0 92 6
74 78 7
22 8 1
90 44 8
33 88 4
6 96 3
13 18 5
49 42 8
99 13 6
86 36 2
80 7 1
87 71 8
53 14 8
96 30 1
73 79 6
79 78 4
83 40 4
11 98 6
77 74 2
12 41 5
19 53 8
61 27 9
48 27 6
8 62 4
6 37 8
20 12 6
84 79 8
26 79 1
64 12 6
64 55 1
12 88 9
32 36 4
4 97 8
0 60 9
80 2 10
63 35 4
4 84 1
98 39 8
48 41 4
75 28 10
42 98 4
42 63 8
1 14 7
46 33 8
73 25 5
8 95 6
10 60 3
27 30 6
20 2 6
17 7 10
80 79 10
68 71 2
53 60 10
85 20 5
91 99 10
86 38 9
97 82 10
79 4 4
99 75 7
89 52 1
14 49 9
40 98 8
19 82 1
55 53 6
68 85 10
27 42 5
37 76 8
82 98 6
71 26 9
81 18 6
67 49 6
4 95 2
88 28 6
43 47 2
19 96 2
64 75 1
73 45 8
22 68 6
57 85 5
20 21 3
56 69 8
32 37 8
29 4 10
80 90 3
69 23 7
89 80 4
17 44 7
4 63 7
30 78 8
92 87 1
26 41 2
96 86 6
36 61 8
22 63 8
74 17 2
37 56 1
37 92 8
33 75 2
64 47 3
58 48 4
32 9 2
7 93 5
5 33 5
21 97 4
41 50 7
80 27 9
58 79 7
85 45 9
83 85 4
89 61 5
5 99 6
44 0 3
13 43 6
53 28 8
9 85 6
80 21 1
86 56 8
34 91 2
72 52 2
16 10 4
22 54 8
48 14 3
50 86 2
70 80 8
5 43 10
64 48 4
65 36 6
64 25 10
20 42 6
2 26 6
77 41 1
23 85 2
11 35 8
56 45 1
67 79 4
30 17 2
60 75 2
72 29 4
25 65 8
2 81 10
31 56 7
29 43 10
25 42 10
10 94 9
93 94 2
33 50 1
27 32 2
41 78 9
3 54 4
33 98 1
60 67 10
98 88 7
34 63 2
70 21 10
21 74 8
51 59 5
67 1 8
37 57 5
33 15 1
18 44 3
72 44 10
72 54 1
68 92 6
53 74 8
22 69 8
87 14 9
86 35 1
42 70 1
89 91 2
80 65 1
2 38 6
20 5 3
42 89 9
19 92 1
5 25 9
69 20 4
2 46 8
59 3 1
52 85 6
19 48 5
70 47 9
13 28 1
40 76 1
61 83 8
41 19 6
82 71 10
49 18 1
73 5 8
74 75 4
28 65 7
6 1 8
3 79 1
14 84 6
81 58 6
9 82 6
24 43 4
40 21 2
41 21 8
70 19 5
42 9 9
22 5 2
62 80 3
39 97 5
64 41 7
4 66 10
49 74 7
10 31 4
4 71 2
83 59 10
45 92 8
69 73 1
80 9 7
69 30 10
13 98 5
54 82 9
83 33 8
9 16 5
56 46 4
68 2 8
45 58 4
82 66 1
49 27 7
66 19 6
94 27 4
28 43 4
17 49 10
17 24 1
11 29 1
75 70 5
17 31 4
68 43 4
39 45 10
59 70 6
83 91 7
57 1 8
70 57 6
96 2 1
30 32 9
64 45 2
77 94 6
13 4 6
55 3 7
67 61 3
6 97 4
74 11 2
34 71 7
48 89 3
37 19 8
42 46 2
43 82 4
47 27 4
89 59 1
77 55 2
74 4 7
5 62 6
3 86 3
99 2 6
68 65 2
95 55 10
92 69 1
81 38 6
33 57 10
5 41 9
4 70 10
47 7 9
34 9 10
5 27 7
78 71 5
68 95 5
3 8 4
74 99 3
58 70 1
4 60 3
98 71 2
64 83 1
40 96 1
43 64 6
16 70 4
9 27 2
29 1 5
67 98 3
43 85 3
62 10 2
