3 300 6000
0 1 9
0 2 6
0 3 6
0 4 3
0 5 10
5 6 4
2 7 10
5 8 1
1 9 6
3 10 3
3 11 6
9 12 5
12 13 5
5 14 6
11 15 1
11 16 7
3 17 3
2 18 2
9 19 8
2 20 10
9 21 2
19 22 2
2 23 4
13 24 10
1 25 6
9 26 10
13 27 10
17 28 8
5 29 8
27 30 6
26 31 1
2 32 1
15 33 7
24 34 2
33 35 10
28 36 8
1 37 3
16 38 2
9 39 5
36 40 2
1 41 4
21 42 8
13 43 7
41 44 2
41 45 7
29 46 6
41 47 2
28 48 10
14 49 7
10 50 10
29 51 5
51 52 8
46 53 8
36 54 3
40 55 4
25 56 3
43 57 10
16 58 2
36 59 6
48 60 7
24 61 10
52 62 9
6 63 3
59 64 10
59 65 4
13 66 9
57 67 10
50 68 4
7 69 8
49 70 7
26 71 9
24 72 5
21 73 3
38 74 8
9 75 1
6 76 10
28 77 9
47 78 2
7 79 10
72 80 9
51 81 4
30 82 10
51 83 2
19 84 2
17 85 3
3 86 1
74 87 8
30 88 7
61 89 9
50 90 2
70 91 6
15 92 2
10 93 7
60 94 9
18 95 3
40 96 9
38 97 2
73 98 7
50 99 6
78 100 5
81 101 5
87 102 8
28 103 8
5 104 5
45 105 1
83 106 1
62 107 2
79 108 3
58 109 6
94 110 10
73 111 5
36 112 8
35 113 4
13 114 2
4 115 6
45 116 8
84 117 2
74 118 8
80 119 3
59 120 6
119 121 7
31 122 8
2 123 8
98 124 2
16 125 9
48 126 2
111 127 7
109 128 10
92 129 9
53 130 8
75 131 1
121 132 5
96 133 3
36 134 3
111 135 8
3 136 2
81 137 4
57 138 2
64 139 7
21 140 9
113 141 10
86 142 10
6 143 10
49 144 9
53 145 5
47 146 4
45 147 7
139 148 4
71 149 2
138 150 8
149 151 1
25 152 5
31 153 10
78 154 5
40 155 4
111 156 8
104 157 10
61 158 3
158 159 3
42 160 3
57 161 10
26 162 8
111 163 4
126 164 4
19 165 6
116 166 2
33 167 3
113 168 6
167 169 7
102 170 5
65 171 4
95 172 10
110 173 9
84 174 7
150 175 8
78 176 2
78 177 6
103 178 3
101 179 7
162 180 9
3 181 7
71 182 1
70 183 6
64 184 4
73 185 3
12 186 9
21 187 2
55 188 7
15 189 6
112 190 8
47 191 3
163 192 7
3 193 1
165 194 7
43 195 4
171 196 5
91 197 2
162 198 7
133 199 7
192 200 9
184 201 2
103 202 6
163 203 8
115 204 10
35 205 6
103 206 1
204 207 5
188 208 2
40 209 9
12 210 3
209 211 7
57 212 1
29 213 5
131 214 1
66 215 9
15 216 1
60 217 10
214 218 4
28 219 3
101 220 4
205 221 3
50 222 1
136 223 3
110 224 4
23 225 2
104 226 10
179 227 3
53 228 4
184 229 8
75 230 2
110 231 5
0 232 9
82 233 5
111 234 7
92 235 5
198 236 9
8 237 6
28 238 8
43 239 4
59 240 9
34 241 4
152 242 4
162 243 7
13 244 6
171 245 3
69 246 6
116 247 8
135 248 7
34 249 9
36 250 5
100 251 9
183 252 5
201 253 8
201 254 10
189 255 2
165 256 9
124 257 9
121 258 1
210 259 2
135 260 5
249 261 2
244 262 8
228 263 7
144 264 2
213 265 4
77 266 4
77 267 1
171 268 4
266 269 9
118 270 2
90 271 10
26 272 3
251 273 3
98 274 6
196 275 3
62 276 1
40 277 1
75 278 9
105 279 9
207 280 4
136 281 10
217 282 2
228 283 6
218 284 3
128 285 9
37 286 1
255 287 8
116 288 5
253 289 2
86 290 8
126 291 7
178 292 5
131 293 10
248 294 7
191 295 7
160 296 1
3 297 8
116 298 8
124 299 6
65 204 3
260 189 10
87 21 4
226 144 7
60 141 5
7 59 6
124 269 7
121 87 7
183 8 2
240 144 3
131 191 7
201 31 6
298 15 7
288 225 9
87 76 4
88 56 9
39 89 2
154 56 6
158 32 4
66 152 5
186 284 2
119 209 1
63 234 8
286 218 9
90 171 6
276 94 3
71 188 6
209 232 7
270 253 5
260 6 5
80 74 8
129 154 7
278 5 5
261 207 4
169 253 4
105 252 7
6 263 6
135 41 6
34 280 7
280 141 1
28 280 9
274 271 7
65 290 6
100 218 8
135 234 9
139 207 7
239 49 3
254 157 8
219 67 10
181 198 4
252 112 5
112 182 10
68 148 8
165 55 7
114 32 4
194 112 7
228 47 5
243 114 9
168 6 3
182 282 3
156 94 10
271 50 7
11 102 5
271 37 9
136 99 1
125 91 4
192 239 3
186 146 1
235 201 7
190 42 7
81 72 2
112 69 6
166 171 3
297 70 4
226 125 9
43 9 2
149 180 6
242 260 8
44 255 8
40 260 8
14 108 2
245 228 2
252 206 10
282 115 2
186 203 6
55 242 2
297 45 4
154 82 4
48 44 3
109 208 3
160 290 7
252 138 1
237 6 1
35 66 8
189 156 7
181 216 8
1 48 10
241 92 7
175 164 7
40 274 10
134 99 1
62 23 9
81 138 2
277 191 3
35 250 5
21 88 6
140 239 4
38 220 5
295 242 1
287 118 6
199 110 2
130 229 4
271 10 4
296 186 10
244 147 6
131 147 8
118 240 10
144 163 7
26 217 7
199 296 6
113 284 9
28 241 9
284 153 5
287 60 4
66 222 8
199 147 1
274 150 9
220 105 6
36 188 4
46 204 10
194 283 10
264 184 4
169 272 9
5 289 1
51 158 10
288 166 5
255 97 7
280 256 6
201 182 10
118 181 1
183 263 5
200 30 3
156 97 7
204 197 8
161 68 8
109 13 2
115 169 4
297 282 2
35 105 6
242 34 10
18 292 3
111 223 6
204 149 6
120 56 4
25 66 2
292 253 5
18 237 3
160 1 7
4 147 6
134 213 1
9 194 2
71 116 10
44 87 2
170 4 9
159 176 9
203 196 6
194 89 3
89 240 7
233 28 3
240 16 8
128 91 7
0 247 3
151 65 7
247 291 6
146 185 10
190 141 3
156 143 10
36 89 5
206 202 10
215 169 6
258 69 10
281 36 10
255 11 3
215 42 6
119 140 2
88 159 10
33 116 2
295 276 1
12 288 7
168 64 3
141 80 1
67 101 8
65 153 5
137 222 7
294 249 5
154 251 10
157 271 1
123 272 5
189 178 4
112 266 5
33 48 4
65 168 8
255 46 2
140 170 10
135 175 3
213 229 6
273 77 7
25 102 5
261 61 4
296 129 9
173 241 4
38 136 9
44 231 3
56 216 7
170 105 10
227 5 7
88 127 9
298 68 8
27 285 1
230 59 5
32 222 10
266 250 5
79 251 7
260 37 2
52 88 8
137 197 4
264 263 1
156 224 1
226 33 4
66 134 5
11 174 7
284 281 4
278 157 5
175 57 3
137 26 6
136 200 7
167 229 2
98 42 2
80 41 4
207 205 8
270 172 3
155 265 5
262 252 1
82 299 7
50 216 8
70 146 1
222 282 7
251 181 6
142 185 8
158 154 7
219 206 4
207 152 5
75 194 8
186 72 10
150 278 3
46 63 5
166 114 8
147 232 1
11 273 4
219 147 9
69 79 7
209 170 1
93 295 2
259 69 2
39 294 9
295 181 1
96 37 5
277 241 2
15 81 10
29 168 10
91 236 4
273 238 7
198 199 6
152 73 1
298 142 9
26 283 2
167 79 7
35 270 7
125 159 9
281 298 6
8 263 3
96 43 9
150 45 2
170 228 10
52 267 2
199 186 5
169 295 10
276 33 8
238 52 2
228 114 3
67 164 10
141 268 1
145 71 5
245 111 8
36 0 1
162 189 5
117 231 7
22 236 4
260 175 6
290 215 4
277 67 2
166 63 4
136 214 4
245 197 4
184 234 8
211 119 7
130 3 1
277 36 2
199 81 3
114 168 10
97 264 9
226 241 8
36 287 9
9 228 1
68 255 2
290 236 1
63 34 6
276 5 2
202 105 3
207 111 5
109 289 7
248 14 8
94 39 2
174 277 8
57 69 9
279 226 9
180 83 7
234 250 6
123 257 4
228 141 1
170 270 8
280 11 3
297 50 5
21 255 1
268 151 6
33 83 7
170 145 5
137 138 10
52 90 7
41 281 9
114 147 5
80 187 2
11 123 2
239 168 3
142 268 10
39 264 4
123 188 10
234 30 4
233 166 2
205 255 7
277 54 4
57 207 6
173 19 4
168 264 5
272 25 7
220 165 6
193 102 1
278 235 1
44 252 9
220 93 9
196 215 7
41 189 5
101 296 1
46 48 10
247 137 6
158 210 6
163 10 8
268 244 10
288 2 2
210 288 4
83 12 7
39 106 5
183 77 5
131 56 8
224 226 2
293 262 9
167 141 10
223 280 1
245 253 5
138 100 10
220 59 3
122 83 4
117 213 10
292 264 6
294 46 1
83 138 7
121 40 3
12 20 6
67 177 7
287 133 8
61 271 9
11 206 2
28 218 5
167 75 5
294 41 4
297 67 6
141 77 5
214 39 9
23 220 4
75 258 2
244 190 9
245 115 2
107 215 3
72 68 5
179 209 7
182 89 8
116 152 4
171 193 10
194 200 6
149 194 3
63 142 10
183 224 6
16 71 5
171 224 3
19 171 2
51 273 3
38 28 2
16 68 6
30 26 2
265 227 1
29 185 1
235 40 5
78 219 2
116 165 9
286 71 3
262 159 2
225 8 8
199 181 2
20 293 10
223 99 8
44 263 10
256 145 2
249 254 6
107 233 9
230 186 5
277 255 8
174 195 2
181 17 6
174 141 7
137 96 4
285 238 4
216 124 4
202 218 10
291 265 6
186 93 6
279 138 8
187 256 7
109 0 7
74 47 10
229 157 2
41 53 6
69 154 4
16 229 8
109 281 2
233 221 7
193 82 10
21 116 4
231 299 1
286 296 10
29 15 8
131 23 3
37 152 4
229 83 6
218 196 4
127 204 6
222 30 9
33 285 9
17 120 6
72 76 10
117 33 7
123 253 3
38 197 3
156 257 4
22 76 3
72 177 8
283 210 7
165 263 3
298 172 5
125 242 4
121 197 3
182 179 5
277 11 5
68 177 8
110 148 7
44 129 4
250 203 8
296 31 10
237 272 9
164 65 8
122 150 5
118 116 5
72 267 10
146 9 7
265 289 9
283 187 2
32 71 9
3 253 9
190 172 9
122 3 7
222 131 4
93 259 7
202 184 5
175 53 10
230 210 10
104 266 6
217 265 4
268 242 8
125 124 10
295 155 5
197 108 9
64 27 1
244 161 2
229 48 8
104 53 4
38 92 1
125 42 1
17 178 8
277 254 7
151 94 1
117 191 6
220 81 2
191 87 1
56 50 10
140 94 3
181 50 6
35 239 8
83 260 4
90 146 9
141 97 10
299 184 6
252 108 4
147 136 4
274 253 9
259 223 2
10 115 8
138 222 7
9 189 9
28 67 4
59 190 5
13 287 5
99 257 2
296 158 8
110 153 9
53 267 10
176 294 9
107 247 4
95 244 1
246 92 1
291 51 5
168 59 5
20 7 4
115 67 8
240 22 8
131 208 3
140 135 9
25 36 5
213 255 4
90 69 1
196 160 2
141 165 6
119 120 6
190 63 10
160 170 4
271 214 8
166 226 2
255 291 8
4 229 1
38 206 5
15 111 6
193 263 8
7 105 8
119 128 5
170 247 6
231 9 3
178 129 10
61 246 8
205 204 10
85 124 8
162 181 3
15 247 2
136 221 5
209 117 4
158 43 2
273 30 7
201 233 5
1 194 5
44 291 6
279 112 6
45 203 1
81 289 5
175 136 2
56 108 5
88 85 2
29 269 6
228 12 7
226 207 6
159 216 4
108 200 1
273 160 4
211 188 10
278 286 2
50 231 3
285 236 9
284 160 1
270 285 4
208 145 3
62 110 9
145 157 8
115 78 5
5 98 5
60 245 6
31 40 5
166 200 10
272 177 6
160 84 1
250 214 5
83 215 3
289 257 10
56 252 8
51 230 6
99 292 6
93 227 8
109 145 1
114 192 9
158 147 10
235 105 1
52 222 9
180 261 5
264 126 6
26 85 1
247 144 1
50 101 3
14 147 6
210 37 3
61 106 7
194 107 2
77 4 1
135 198 4
154 268 1
13 59 2
29 239 8
45 149 4
40 18 7
22 39 10
30 0 1
78 28 8
57 27 2
282 285 1
89 153 1
149 215 6
207 174 3
226 71 7
1 298 2
115 18 3
201 198 3
160 118 6
38 288 6
192 16 10
240 175 3
116 189 3
184 14 1
107 208 7
181 45 9
1 244 1
287 65 7
206 215 9
130 177 10
253 118 7
80 122 6
253 241 9
101 51 2
68 299 9
101 28 8
149 298 9
102 244 10
51 55 3
54 22 3
177 125 5
230 123 9
199 262 3
182 25 4
5 172 7
34 172 5
243 147 4
157 15 10
188 287 6
250 256 1
139 229 4
287 20 3
156 98 1
60 45 7
188 293 5
281 188 4
144 233 2
272 41 5
217 27 5
164 170 2
270 150 6
40 286 2
242 197 3
195 176 7
194 251 10
293 205 8
286 9 9
179 149 8
148 239 7
166 172 5
263 223 6
283 40 8
66 288 3
142 59 10
57 222 2
94 218 4
43 7 5
145 210 6
59 260 3
100 184 8
72 112 6
253 26 5
259 17 4
53 99 5
172 241 6
186 125 6
158 101 1
72 37 10
52 61 7
232 276 1
21 239 5
249 54 8
152 230 4
72 36 5
143 23 5
3 144 6
290 165 8
52 227 8
108 8 6
48 263 5
167 171 4
177 80 5
140 74 4
128 126 8
227 74 10
93 236 5
148 214 8
30 257 4
199 71 3
126 26 5
149 252 9
145 79 2
94 247 8
164 22 3
235 208 1
194 158 2
167 67 9
217 85 8
78 16 5
220 0 1
132 10 8
204 67 8
9 175 4
194 132 9
235 147 5
236 241 2
224 244 5
257 49 9
108 145 9
217 290 6
71 109 1
91 176 3
294 129 2
186 101 8
104 38 5
246 287 9
188 235 2
292 75 5
152 175 6
288 148 1
255 200 5
91 147 6
131 10 9
86 9 1
59 181 3
240 274 9
21 152 7
113 106 9
255 260 5
123 214 8
46 156 10
274 42 7
174 51 1
147 284 7
36 48 8
18 92 3
173 101 1
52 291 2
102 2 8
44 24 3
188 20 4
162 260 1
293 30 7
89 118 10
198 208 9
246 191 7
25 28 8
230 258 3
225 108 5
136 15 2
236 6 6
222 61 7
229 148 1
137 79 6
143 19 5
294 16 9
216 142 4
3 255 8
261 10 6
75 169 1
5 236 5
226 171 1
38 141 8
34 18 1
93 29 2
244 226 4
51 195 1
285 48 4
103 143 8
110 144 9
86 26 4
179 183 6
109 297 3
121 21 7
107 273 1
188 106 5
148 112 4
152 62 9
4 136 2
183 261 1
86 130 2
287 103 2
270 1 2
88 130 3
88 282 9
154 152 3
120 252 6
173 106 8
210 105 6
156 269 7
143 166 4
219 3 4
235 224 10
107 274 6
117 204 7
14 127 7
280 288 3
143 283 4
175 208 5
288 100 1
99 216 2
184 152 9
97 69 10
257 33 2
143 2 9
279 260 7
203 205 1
299 268 8
23 4 3
262 237 2
132 93 3
92 252 7
40 267 1
29 75 8
68 25 7
48 12 5
66 243 2
169 132 8
87 17 7
175 289 2
62 158 7
15 257 5
176 106 7
295 261 9
239 278 3
227 193 9
168 80 9
258 147 3
166 105 2
157 135 3
219 127 5
85 11 2
189 58 4
291 205 10
183 41 5
11 84 8
275 267 10
74 103 4
94 4 5
3 8 6
59 234 10
130 190 6
265 247 7
226 7 10
231 61 5
182 230 8
185 244 4
137 261 9
221 255 1
235 198 6
160 211 8
108 215 8
161 171 4
193 177 2
271 249 8
161 288 10
74 102 2
152 131 9
272 10 6
99 49 5
66 84 10
26 181 1
173 2 5
140 81 6
8 251 8
188 191 9
202 41 5
200 141 10
57 252 5
124 117 5
36 93 2
178 225 7
124 182 10
166 126 5
149 66 2
64 294 1
237 199 10
185 285 1
293 17 6
40 201 9
17 10 2
221 102 10
236 62 4
120 32 1
1 98 8
52 25 6
271 125 10
28 15 6
96 19 7
45 58 1
225 5 4
89 30 5
130 260 8
188 223 6
170 183 4
275 179 8
255 55 8
63 269 10
249 155 3
76 5 6
154 94 10
33 267 7
192 191 2
270 20 9
195 259 6
86 276 7
175 117 4
83 292 8
275 277 6
182 64 5
282 213 6
47 285 9
4 270 10
96 150 4
127 46 1
256 216 7
76 131 9
114 105 2
172 230 9
224 21 7
109 255 9
59 254 5
198 248 8
187 117 5
199 53 1
182 150 10
84 168 2
273 181 8
145 286 4
202 112 2
14 10 1
290 143 8
175 239 8
148 143 1
143 66 7
92 166 10
120 211 1
282 287 5
9 72 9
258 226 1
110 89 7
192 185 9
297 214 3
219 65 3
164 176 10
139 189 5
223 64 5
56 290 3
279 40 4
134 204 3
91 141 2
108 109 7
96 46 7
15 265 5
255 40 5
78 110 10
161 282 9
218 272 5
149 208 1
165 63 10
263 25 8
235 219 3
292 166 2
231 169 10
22 171 5
298 18 8
34 96 2
34 94 1
239 218 7
193 127 10
277 139 3
68 248 1
162 69 1
22 284 1
77 143 8
242 37 7
119 161 10
100 77 1
175 179 7
171 87 8
186 281 3
115 90 1
168 35 10
256 287 2
128 273 4
219 61 5
224 79 4
280 259 9
185 84 9
173 88 6
94 294 8
127 238 6
26 104 6
242 87 3
84 260 9
200 96 2
262 104 5
122 221 4
288 89 2
242 6 6
78 209 3
261 194 1
243 117 4
257 207 2
112 129 6
242 42 3
232 142 2
57 162 7
164 115 2
291 127 1
36 145 8
266 215 6
71 296 4
234 150 10
64 140 2
214 294 3
94 197 1
237 157 7
178 160 10
86 19 2
186 280 7
60 26 5
263 240 7
205 276 9
14 273 10
211 116 4
29 274 3
64 104 7
243 220 7
285 157 7
223 297 2
171 7 1
68 61 10
99 115 4
159 210 9
283 53 4
14 66 6
66 192 4
291 203 5
176 69 3
97 54 7
19 1 5
199 218 8
7 4 7
226 274 5
97 200 6
227 28 3
157 27 4
146 45 2
168 177 8
289 23 6
48 284 7
252 225 8
39 66 5
200 34 8
248 122 5
267 39 3
215 119 3
194 48 9
293 251 10
183 165 10
254 12 8
76 86 10
277 115 7
276 229 3
283 209 5
295 209 9
266 255 5
210 274 2
10 264 4
200 295 10
86 288 1
9 172 6
207 138 6
230 121 1
193 126 6
67 141 9
5 111 1
25 11 6
107 52 7
212 179 7
49 198 9
255 224 6
289 249 7
287 144 5
102 115 3
264 124 9
121 52 1
120 270 9
206 238 1
250 155 4
195 217 7
111 183 5
269 161 2
24 145 9
29 95 10
165 86 9
115 153 2
111 171 9
39 215 2
94 82 8
87 285 7
241 180 2
103 229 3
167 209 4
164 264 9
143 188 7
283 6 7
68 207 8
119 145 3
91 230 8
112 62 6
186 174 2
113 49 6
135 262 8
212 164 6
228 22 6
28 95 4
218 61 1
209 196 3
228 293 7
34 137 5
30 157 9
207 194 5
209 218 5
136 201 4
299 262 5
23 108 8
289 144 2
202 276 2
173 86 1
55 149 2
201 285 10
172 97 5
296 252 10
161 20 8
272 46 9
60 146 10
86 66 1
167 284 2
161 55 3
187 46 1
242 228 4
152 166 1
94 279 1
290 168 1
205 163 5
225 47 10
48 225 3
102 104 7
212 34 2
13 25 6
270 75 9
151 55 1
175 189 6
247 133 6
125 290 6
52 37 3
45 7 10
100 264 4
68 238 8
97 151 9
44 47 9
49 291 3
16 21 7
155 92 9
64 93 8
189 164 3
227 222 4
140 103 2
164 195 10
245 90 8
65 191 10
175 238 7
254 58 6
44 105 8
84 75 7
250 66 5
185 109 6
151 248 7
163 271 5
43 202 3
276 173 10
287 227 4
299 288 8
98 130 8
202 85 9
261 294 4
210 120 2
271 189 10
172 119 7
22 199 6
198 46 7
195 68 7
195 297 10
170 174 4
162 157 4
202 148 4
25 244 10
29 137 9
196 213 7
156 23 1
96 287 4
154 169 5
282 170 1
15 185 8
42 26 10
158 73 4
229 158 6
200 8 1
215 224 7
235 292 5
291 253 7
222 200 4
170 141 10
5 273 3
21 71 1
200 187 8
58 294 2
248 291 8
281 100 3
233 86 1
299 27 9
157 168 10
272 208 1
131 49 2
142 285 2
134 220 5
52 117 1
68 286 4
233 90 4
169 88 9
115 274 10
259 6 10
15 230 3
82 69 9
292 163 8
110 204 3
295 113 10
142 98 4
96 237 7
34 111 1
65 259 4
296 32 5
115 228 1
163 85 8
127 212 4
261 245 1
258 144 1
205 280 2
284 192 7
276 55 1
1 211 5
202 272 7
32 252 9
87 105 5
51 67 8
4 179 9
271 55 3
106 110 1
91 171 9
144 276 10
159 292 7
284 252 3
156 255 8
195 261 1
5 237 7
172 86 9
46 228 7
255 197 2
52 12 6
177 107 4
211 159 2
148 44 2
130 164 4
179 94 1
152 61 4
174 122 2
189 106 3
167 164 10
69 142 7
270 6 6
140 160 7
74 234 5
47 226 9
276 89 7
115 205 3
278 234 5
248 271 3
197 281 9
146 72 7
21 262 5
86 12 5
181 12 4
291 99 3
298 99 8
18 154 7
46 226 6
230 277 9
199 128 5
128 272 2
220 104 3
227 66 3
192 240 7
190 154 7
65 26 4
47 33 10
290 150 2
293 274 4
134 65 8
236 279 9
175 207 2
236 229 8
184 114 5
136 96 1
66 16 9
91 113 2
25 120 6
67 83 4
228 52 8
35 55 7
142 292 5
53 80 9
90 184 6
240 90 8
127 78 2
137 141 7
119 69 1
256 288 7
130 49 6
78 109 1
177 22 3
154 244 8
169 247 8
64 144 8
167 123 7
181 75 8
133 56 2
174 287 2
204 25 3
215 147 9
245 69 3
281 3 4
170 287 2
63 264 3
289 168 10
270 115 4
36 120 1
4 83 3
80 153 9
257 260 2
178 213 2
189 186 10
17 226 10
183 264 8
142 223 4
25 245 9
87 64 9
13 249 5
100 72 9
115 224 10
228 168 3
299 0 4
55 86 7
64 261 5
257 182 8
261 274 8
146 119 3
43 228 5
273 261 1
157 64 9
74 169 8
18 121 10
249 149 8
285 80 1
182 117 2
105 32 7
18 182 6
186 288 8
140 83 3
177 258 9
219 175 1
169 99 8
292 265 6
91 174 8
206 149 10
272 197 9
106 105 2
92 52 7
100 165 1
177 90 5
36 238 2
13 250 8
227 99 10
232 80 8
225 289 7
134 25 1
46 192 9
235 99 8
97 287 3
5 256 6
222 192 9
151 246 6
293 98 5
81 293 8
41 114 10
24 256 6
119 212 9
65 24 10
176 291 2
185 42 9
236 281 9
248 35 3
228 78 10
41 56 9
107 79 7
47 26 9
275 13 1
288 156 4
33 161 7
14 152 4
198 12 10
16 24 1
120 235 9
192 195 4
170 281 2
51 233 4
172 156 8
156 151 5
172 29 3
192 293 5
66 285 6
39 298 5
129 295 6
113 118 1
105 37 5
18 136 4
58 88 8
155 184 8
5 145 9
196 56 4
212 223 9
206 80 2
113 271 4
36 47 3
41 11 8
89 282 8
171 130 8
157 50 5
256 184 3
228 264 2
14 182 10
241 288 9
161 26 9
70 106 1
183 91 3
225 206 8
248 170 1
276 228 7
133 0 3
46 194 3
196 119 10
135 27 2
238 297 8
159 268 4
241 274 3
272 113 8
138 176 4
207 276 2
207 67 5
247 8 3
244 199 9
243 59 4
299 240 1
296 138 10
48 226 4
204 105 7
2 118 4
217 4 7
284 101 7
113 20 10
280 270 9
229 151 5
117 292 2
147 67 8
148 128 2
265 279 5
234 101 6
246 143 10
8 74 8
209 20 5
192 81 9
151 15 5
0 218 5
200 84 6
121 22 7
185 93 7
272 28 2
131 157 10
265 109 3
179 278 5
263 18 6
126 104 1
133 175 7
268 84 4
25 133 1
74 187 10
115 125 10
233 112 9
111 196 1
116 188 8
228 246 8
200 234 10
148 90 7
244 73 9
253 181 4
163 218 8
123 204 5
270 244 2
84 21 5
70 145 1
190 24 1
121 37 2
116 61 3
163 282 3
179 225 3
186 30 6
55 88 3
176 131 4
191 173 5
118 220 5
218 141 4
264 27 4
33 273 10
261 152 6
263 116 3
254 92 2
3 85 4
273 44 8
89 255 4
87 133 8
75 161 6
32 196 2
161 136 1
139 261 6
98 76 10
46 298 8
94 22 2
268 96 3
26 280 4
195 213 6
19 159 6
278 171 9
93 168 3
7 125 7
269 91 2
44 119 4
268 280 3
133 7 6
278 68 1
254 194 6
86 2 7
52 261 3
61 291 8
80 48 2
208 72 7
158 133 10
262 144 5
154 31 8
260 217 1
142 57 5
238 232 5
82 168 2
263 106 2
15 214 10
284 136 9
204 132 7
97 123 9
130 132 6
68 80 6
172 148 3
10 296 2
0 117 1
147 226 9
299 179 4
163 65 10
196 225 4
264 229 5
165 133 9
138 59 9
221 16 6
199 291 3
91 127 4
279 54 9
31 279 5
284 189 9
43 154 6
108 158 8
221 223 6
142 166 3
43 230 5
206 49 8
56 53 4
129 0 9
125 180 9
106 288 3
103 64 4
224 164 3
49 255 10
246 136 1
38 156 5
124 206 10
71 123 4
229 225 8
84 211 6
21 225 6
139 61 5
228 144 9
99 9 9
170 129 3
294 103 1
132 239 3
202 205 3
63 170 5
46 4 7
22 153 6
233 122 8
52 159 8
43 183 9
274 287 4
128 209 7
162 40 2
126 85 1
23 109 3
71 68 8
63 279 1
75 22 10
296 15 10
154 49 7
4 239 10
66 133 6
226 127 7
74 88 4
148 246 5
289 270 6
123 41 2
47 207 10
229 113 2
130 23 1
135 299 3
264 141 1
174 227 4
205 103 10
120 259 1
243 43 7
160 243 1
84 202 2
23 281 8
201 269 9
200 100 4
216 112 2
205 86 9
167 65 5
296 22 8
90 45 9
214 68 8
250 252 1
177 199 7
265 106 8
182 241 10
87 146 7
72 7 2
174 155 10
219 117 5
268 14 9
41 200 10
200 209 3
36 42 4
167 19 10
23 232 10
36 88 9
253 144 8
239 23 3
29 215 1
155 183 8
21 167 2
270 281 4
210 289 10
139 283 6
176 61 3
255 217 9
199 82 9
298 42 8
212 245 2
119 103 7
162 240 6
285 5 1
127 30 7
125 78 6
129 121 10
78 231 6
297 16 10
154 210 2
75 216 4
156 186 7
79 217 5
98 90 1
243 185 3
102 261 8
288 213 1
294 233 1
33 173 10
218 140 1
24 38 6
262 127 6
92 264 10
201 200 3
75 76 3
264 24 4
237 151 7
235 226 6
87 59 10
49 55 3
257 109 9
81 67 2
120 203 8
127 12 2
184 30 9
86 257 9
85 274 5
275 146 2
138 156 6
277 252 2
191 41 4
38 68 2
245 119 4
267 287 10
70 266 10
7 24 9
54 68 2
133 197 7
268 260 5
251 180 2
171 220 7
81 173 6
151 14 4
111 175 4
268 131 2
80 209 5
277 55 3
109 98 9
149 78 8
285 224 5
110 85 5
189 247 6
2 254 7
56 70 5
42 223 3
270 16 2
123 114 6
201 289 9
75 152 4
17 115 6
271 215 8
90 130 2
273 249 8
241 47 4
277 212 6
145 21 8
27 176 8
60 244 9
202 287 10
39 15 1
15 34 4
203 110 3
248 24 2
262 80 2
115 13 8
114 16 9
22 181 2
132 164 10
175 269 3
58 281 2
49 9 5
159 106 7
287 176 3
249 264 5
53 72 2
181 121 4
295 253 9
257 131 3
198 183 7
261 241 7
7 114 10
73 268 10
145 165 5
36 144 5
286 189 7
79 262 1
88 115 10
299 293 3
69 169 3
128 30 2
108 26 6
212 249 4
285 277 8
219 138 1
208 98 1
172 102 10
102 238 1
185 150 8
231 56 4
299 235 9
211 31 9
20 194 3
244 48 3
244 141 3
154 235 6
206 13 10
83 210 6
48 191 2
47 71 6
145 57 6
215 105 4
34 93 1
70 25 7
241 4 5
14 246 4
211 65 1
152 42 7
93 47 5
160 244 10
175 13 5
59 271 1
94 194 5
198 226 5
12 187 10
139 80 2
121 138 10
236 205 6
169 14 9
25 254 10
4 231 10
234 132 8
266 122 4
116 224 10
175 76 1
112 130 9
276 60 2
170 256 4
132 269 1
98 62 10
136 230 1
241 27 6
156 265 10
271 287 2
143 142 5
279 151 1
112 290 8
278 127 4
33 175 8
127 93 9
77 132 4
212 113 10
215 268 6
196 15 4
116 55 9
68 98 6
137 93 2
137 226 2
23 155 4
113 55 6
171 17 4
293 87 4
85 113 3
217 1 5
28 70 5
80 233 9
225 169 5
122 181 5
215 57 7
70 226 7
104 207 10
274 172 6
206 6 10
179 8 6
219 202 10
43 222 6
195 210 8
238 31 9
144 102 3
283 238 4
168 280 10
46 58 2
164 238 1
11 0 5
216 273 8
266 143 9
257 38 2
20 202 5
99 133 7
52 175 1
212 246 8
125 57 7
128 271 1
75 195 9
260 112 4
172 285 10
193 95 4
197 236 1
62 137 7
194 271 5
284 104 9
183 269 8
10 171 10
212 219 3
247 46 2
254 153 5
250 200 1
272 3 6
122 32 3
258 111 6
167 264 1
29 81 6
265 132 5
19 187 7
68 126 8
68 199 9
234 263 2
275 93 5
33 192 2
106 46 9
23 226 3
100 285 1
112 46 7
163 79 4
257 139 4
41 285 7
284 254 6
195 20 5
247 298 3
191 143 7
82 278 6
36 58 10
88 265 6
258 171 8
138 0 4
143 253 10
15 259 1
277 223 6
114 120 7
219 266 1
61 299 5
183 257 4
244 238 9
237 57 2
39 42 9
17 205 5
92 193 1
162 201 4
13 190 7
137 224 6
75 115 3
233 266 4
159 279 4
269 225 2
52 44 3
161 62 7
73 195 7
76 37 7
66 51 10
14 250 3
170 225 2
194 22 7
189 25 10
161 38 6
210 7 5
248 293 1
223 93 8
135 112 6
44 49 7
97 239 3
226 58 6
159 102 3
57 14 4
206 234 4
13 187 8
98 173 1
187 29 8
5 159 4
144 32 2
91 61 9
217 226 3
219 166 8
238 51 3
267 109 1
52 289 7
60 50 7
115 144 10
159 118 5
177 247 10
187 290 10
71 166 9
170 153 8
135 22 10
189 80 1
104 29 3
207 201 8
79 124 2
30 183 5
212 46 2
208 245 9
59 127 5
187 211 1
18 101 3
90 206 10
167 72 1
233 209 3
142 25 5
220 167 2
181 291 4
181 170 5
113 279 10
104 230 8
108 74 9
171 122 2
298 52 7
113 48 2
149 1 8
56 111 7
185 17 9
196 259 6
146 183 3
111 219 7
178 206 2
212 17 10
10 91 5
191 37 10
250 136 3
13 204 8
223 124 6
228 16 1
84 252 9
61 249 4
243 62 8
119 133 10
228 101 7
290 97 5
273 189 5
192 258 6
204 277 7
273 255 1
207 218 4
157 142 9
267 64 5
68 229 7
42 58 8
19 109 2
173 47 5
158 238 7
192 40 5
179 67 4
8 141 1
216 63 9
116 170 5
47 242 6
157 265 10
17 16 5
91 40 9
143 180 5
126 159 10
116 131 10
144 283 6
258 294 4
4 82 6
115 198 10
203 104 10
8 86 4
171 297 10
88 210 3
268 187 7
298 129 4
194 290 2
241 105 5
153 146 5
253 13 3
190 49 5
129 157 9
216 61 8
296 52 7
231 28 3
121 85 5
268 24 7
215 170 3
105 277 6
160 188 4
212 241 7
223 290 2
3 164 4
89 102 7
75 97 10
105 82 10
247 193 6
24 130 5
235 190 9
36 267 8
31 39 9
137 59 3
212 23 2
145 217 4
159 34 3
13 97 6
280 69 4
250 40 4
7 265 2
135 221 8
119 13 8
25 126 4
3 254 7
231 46 1
228 178 8
240 140 4
283 4 9
142 153 10
152 198 4
239 45 7
180 19 4
29 23 4
239 222 5
88 180 3
242 173 2
150 26 5
63 160 2
142 55 9
69 65 3
181 154 1
188 72 10
77 197 7
119 247 9
224 108 2
207 203 2
21 197 7
187 297 10
228 128 5
83 96 2
220 16 9
248 240 7
106 191 5
67 254 5
298 17 7
131 223 4
111 265 5
39 189 4
229 110 9
33 275 4
70 69 10
29 24 9
47 199 4
101 144 5
155 284 2
57 269 9
280 20 2
118 231 6
19 134 2
204 248 1
122 73 2
12 212 10
80 13 8
259 82 1
162 104 7
287 264 4
256 275 10
2 112 10
227 35 2
246 25 3
61 75 3
5 39 2
195 45 10
281 111 5
216 3 5
252 116 6
67 186 8
179 242 2
235 75 3
178 96 9
37 234 1
265 214 2
239 252 8
48 267 3
106 142 8
287 131 10
23 213 10
56 157 4
167 248 5
221 147 3
124 187 10
226 108 7
293 21 4
157 154 1
37 199 4
177 141 3
293 44 2
216 128 4
287 215 10
279 18 7
283 17 3
299 159 1
110 293 4
201 156 8
54 267 9
45 260 6
271 184 10
299 223 9
69 175 3
283 222 1
221 209 3
16 41 6
268 216 8
7 217 6
298 192 5
110 193 7
2 121 5
60 210 6
142 51 7
48 271 3
48 67 3
71 140 7
105 296 2
6 219 6
186 19 2
224 97 9
232 255 9
181 52 7
252 55 5
20 91 6
72 109 2
190 194 4
34 185 2
287 185 9
8 119 9
167 28 7
199 20 2
235 175 6
277 256 3
53 252 8
87 174 10
275 134 10
105 270 2
27 80 8
72 132 8
155 177 3
233 136 2
293 146 6
54 60 9
229 271 2
210 296 10
105 271 10
288 259 8
10 32 3
200 151 1
148 199 4
157 158 5
46 52 2
196 117 4
110 247 6
83 265 5
60 237 7
132 28 5
174 189 6
206 47 7
213 37 5
292 8 8
116 110 9
230 16 2
272 155 2
184 39 2
124 167 6
71 132 3
131 72 6
21 280 3
10 291 8
299 258 4
276 201 10
202 225 5
182 195 3
158 74 10
211 75 10
270 173 8
39 64 1
164 135 3
239 291 9
98 144 5
197 159 10
236 189 5
215 191 2
136 93 5
77 41 3
185 272 4
268 5 1
41 207 10
114 139 3
18 192 7
128 172 2
251 174 9
135 197 8
277 185 2
175 46 2
4 119 7
138 58 9
97 15 6
173 93 10
57 268 5
193 62 9
289 200 6
20 288 8
295 277 8
172 99 10
23 250 2
63 155 3
135 7 10
32 102 1
200 210 3
81 200 5
194 24 3
228 285 9
182 140 8
294 262 6
150 11 7
207 25 3
31 25 9
282 103 8
156 15 9
217 147 8
180 91 1
49 270 9
34 270 10
232 170 7
237 202 7
134 164 1
194 204 5
263 114 4
243 67 9
72 104 1
132 98 4
276 137 4
19 240 10
110 297 2
125 109 9
63 47 5
226 236 4
36 87 9
247 121 3
77 284 6
268 219 3
274 292 6
14 249 8
30 207 7
159 32 8
186 49 5
123 179 3
246 154 8
175 86 1
192 194 1
249 269 1
160 99 9
231 59 2
175 162 5
82 203 10
218 97 2
81 131 10
46 245 2
100 161 9
256 197 1
110 2 8
259 250 3
278 49 10
182 104 2
20 153 4
293 134 9
4 194 4
242 211 3
211 71 6
115 262 7
180 202 10
150 275 3
153 238 10
220 241 2
130 220 4
0 179 3
237 255 2
244 88 10
75 137 4
221 192 9
252 160 8
90 64 4
184 70 10
11 172 8
108 283 4
159 108 1
248 11 4
85 22 10
214 124 8
59 100 6
70 217 4
15 116 10
95 161 2
154 261 1
159 90 1
186 282 9
97 286 10
158 93 1
258 280 2
279 246 6
111 237 3
174 177 2
90 71 3
17 297 7
158 297 10
121 29 1
47 219 9
16 154 5
81 10 10
86 73 4
68 277 9
194 227 6
38 296 5
227 129 8
111 82 10
199 153 6
198 147 8
219 157 2
76 170 6
218 203 3
127 168 8
268 205 9
190 40 9
191 284 6
85 72 6
298 206 3
124 172 6
69 49 4
230 292 9
255 298 1
195 118 6
21 291 6
49 259 9
173 281 2
186 75 7
15 147 7
274 65 5
218 206 6
50 192 4
161 18 1
198 223 4
240 111 1
219 196 6
231 222 2
230 235 2
104 22 5
207 0 5
171 189 2
136 37 1
257 47 10
172 221 3
297 257 7
211 189 1
75 60 4
18 156 2
119 186 10
284 291 3
0 87 8
288 3 1
193 219 2
60 86 4
30 292 1
255 193 9
59 178 9
274 289 10
233 32 3
225 215 8
194 224 3
217 103 2
200 117 10
132 39 8
139 246 3
90 99 5
131 11 10
4 101 7
37 55 10
70 78 7
176 148 7
87 228 2
115 239 4
67 9 5
215 291 4
0 211 4
274 111 5
177 70 8
71 195 5
297 176 9
57 279 4
76 213 10
222 209 5
266 1 7
155 203 4
11 154 2
221 217 2
292 283 9
220 90 9
78 253 3
294 110 7
191 263 2
241 58 3
295 146 2
195 145 10
228 297 7
210 240 7
20 281 6
274 158 2
239 188 1
214 130 10
128 270 4
264 227 7
2 30 9
210 5 5
98 39 4
60 170 10
182 143 8
61 1 2
241 45 7
128 29 4
241 289 8
60 236 1
249 125 6
108 54 8
77 256 2
120 163 3
185 8 1
72 228 4
0 203 3
279 264 5
237 14 3
285 283 5
255 19 5
103 254 10
162 197 2
79 123 2
202 65 7
214 254 6
40 206 5
215 229 2
207 237 3
100 295 4
235 178 3
14 87 4
275 18 8
178 241 4
162 196 6
93 219 10
7 289 10
273 32 4
165 87 7
145 269 10
149 209 3
35 10 8
218 267 2
102 151 5
164 235 7
130 37 5
43 245 10
136 283 8
227 184 9
47 264 1
191 169 10
101 221 6
99 63 7
172 133 8
251 236 5
133 202 6
62 117 2
269 83 2
125 2 3
74 265 4
161 155 10
28 94 8
274 250 1
215 284 6
73 85 4
30 119 5
91 260 3
213 106 4
100 262 2
144 273 10
251 153 6
195 76 4
61 235 2
16 148 1
141 261 9
109 48 7
29 90 10
68 125 3
292 186 8
88 278 6
179 128 3
281 174 4
100 276 1
71 144 7
2 1 7
145 152 7
91 19 6
178 282 6
90 80 3
192 189 4
144 86 7
131 103 5
148 276 8
287 234 9
0 188 3
269 268 5
244 12 5
153 239 8
49 37 10
223 199 7
16 119 10
146 195 10
230 198 8
211 227 10
131 170 3
286 217 3
123 101 10
243 232 2
115 222 9
293 216 6
172 121 9
108 280 6
24 139 10
58 194 8
231 55 2
68 151 5
269 163 3
255 188 7
0 141 4
65 79 3
28 188 1
254 24 10
70 123 9
117 134 10
286 115 2
28 230 2
266 165 1
278 122 1
195 39 6
125 31 2
173 3 9
295 216 10
117 224 8
100 32 9
284 45 3
35 155 5
75 170 7
8 102 7
227 161 10
115 183 10
243 2 10
134 58 10
265 273 3
35 273 5
131 138 2
179 148 7
231 295 6
253 88 9
239 202 2
41 27 3
289 259 9
165 57 2
173 253 6
118 174 3
40 247 1
133 115 5
260 289 8
255 57 9
164 72 2
128 235 2
277 213 4
26 41 1
2 13 9
207 225 8
187 0 4
10 46 4
292 297 8
126 5 5
220 107 8
287 299 3
97 132 10
221 76 2
197 44 9
155 190 3
169 296 10
42 129 4
63 156 5
77 243 3
284 94 5
42 167 4
123 141 3
200 153 1
3 43 7
116 233 6
194 143 5
32 288 7
181 190 4
4 175 2
299 175 4
220 284 3
85 185 1
227 111 6
260 140 10
267 227 5
135 1 1
194 230 4
26 6 1
187 59 3
111 79 4
235 250 2
223 253 1
196 64 10
280 145 4
107 282 5
89 261 10
115 24 10
201 299 4
135 161 1
246 183 4
257 229 3
95 225 7
152 225 3
200 15 7
103 82 5
200 220 7
179 221 3
191 45 6
255 23 4
102 67 6
241 51 3
271 129 9
267 238 1
82 172 9
276 199 10
286 266 3
166 43 6
78 208 6
267 76 10
204 76 2
239 177 3
52 40 7
192 61 10
5 286 4
39 208 10
213 75 9
240 78 4
168 41 3
162 122 7
83 61 7
100 190 10
201 205 1
135 64 3
287 138 6
292 187 10
285 34 8
280 214 6
219 195 2
201 272 2
89 167 1
272 87 9
2 183 10
213 199 10
146 100 4
96 13 3
114 191 3
100 75 1
134 226 10
143 75 2
56 239 9
166 30 6
74 250 6
124 291 10
128 218 1
100 58 8
27 46 1
124 226 8
171 276 6
236 289 1
178 26 4
162 117 6
131 216 5
81 284 9
219 176 9
189 287 7
180 78 4
165 236 7
171 164 4
279 278 5
21 228 4
8 15 5
56 34 8
260 185 9
284 59 8
263 227 1
269 35 7
232 293 10
254 101 1
79 110 6
210 217 10
153 111 8
221 229 5
143 106 8
119 256 8
242 191 9
278 33 7
284 57 9
94 244 10
257 240 8
49 123 10
221 10 7
145 298 4
106 134 8
152 31 3
251 186 1
16 67 7
142 172 1
70 277 4
274 132 5
107 77 5
223 289 10
270 125 5
176 20 1
208 278 1
122 272 6
69 77 10
232 130 4
115 27 5
295 289 8
153 273 8
56 180 6
256 226 1
141 153 2
6 185 8
39 200 9
129 124 6
4 51 9
257 22 6
259 11 6
53 14 8
232 198 6
28 249 8
187 64 7
102 126 4
264 212 1
153 194 8
142 107 5
141 55 2
190 229 9
157 70 8
261 7 7
166 28 2
191 11 8
286 170 10
271 33 10
5 91 6
53 64 4
231 58 3
185 125 5
121 198 4
145 140 5
177 162 2
143 4 7
173 243 10
218 240 7
105 259 9
102 240 1
235 192 7
104 15 6
249 86 2
191 30 6
30 120 9
108 0 7
3 32 5
114 158 9
30 179 7
65 64 4
186 62 2
32 245 3
210 180 4
118 13 3
234 233 7
288 7 8
216 274 6
127 191 9
182 210 4
197 264 9
113 269 5
281 189 4
93 83 8
286 83 3
158 272 3
23 169 5
101 273 5
261 72 5
151 45 10
204 100 8
193 109 7
40 237 10
192 22 2
232 194 7
83 244 9
83 141 7
159 167 3
203 51 9
226 3 10
221 159 7
232 146 6
94 239 1
3 257 9
173 266 10
293 79 2
195 159 7
52 169 6
89 47 7
202 72 4
210 267 3
244 192 5
99 157 7
169 50 5
9 15 2
147 20 4
14 101 8
250 22 8
50 2 1
264 60 10
222 98 3
110 250 3
177 244 6
18 230 6
147 121 7
146 61 2
21 93 4
258 215 6
289 84 10
123 265 8
59 85 5
197 69 3
7 211 5
126 240 3
59 68 1
5 203 7
177 15 4
92 172 10
172 143 5
209 124 10
21 279 1
78 260 2
181 130 1
196 256 3
261 232 7
171 3 7
181 264 1
239 249 7
281 198 10
121 278 10
248 183 3
42 115 1
101 135 1
213 171 10
247 89 9
78 146 1
102 18 1
174 44 4
62 279 5
177 208 7
161 64 1
30 263 10
69 221 7
287 222 6
11 110 8
126 295 3
24 210 7
104 123 6
112 105 4
90 141 2
231 205 8
83 285 5
281 24 10
24 157 10
213 36 2
243 240 3
85 84 6
254 199 3
140 161 9
54 3 5
275 164 4
246 35 10
246 277 3
107 206 5
1 53 10
141 283 9
221 272 10
72 129 1
15 62 8
134 124 2
58 177 3
1 182 10
197 24 8
25 153 1
80 109 10
274 235 10
294 0 7
41 39 3
109 215 3
33 141 3
260 57 3
81 280 2
61 214 9
274 281 6
204 228 5
294 172 10
157 160 8
133 280 8
272 141 3
279 56 2
75 47 2
38 1 2
165 111 1
173 206 8
276 231 7
67 47 3
286 76 10
261 67 2
90 258 7
224 13 5
35 121 4
51 294 3
66 103 10
196 207 6
118 71 9
243 177 2
213 145 5
10 26 9
186 45 5
10 297 1
127 53 10
166 169 5
217 266 9
77 126 4
83 240 2
147 242 6
137 215 5
105 62 10
126 36 1
225 61 1
225 7 4
62 298 5
152 187 1
34 295 4
53 89 8
154 183 7
146 178 9
29 211 3
279 71 10
246 298 2
194 39 1
86 139 2
12 123 2
51 284 8
214 78 3
122 56 6
92 210 4
20 283 10
146 99 10
108 143 5
281 47 6
107 105 9
190 264 2
156 69 10
246 182 4
210 279 3
130 176 6
170 296 3
107 294 7
200 70 5
204 186 8
37 202 9
195 129 4
63 103 8
151 152 10
46 262 1
299 89 9
273 286 7
115 81 10
168 8 9
45 130 5
88 202 8
196 30 1
178 105 5
113 14 2
274 70 7
177 282 7
277 48 6
207 10 1
228 159 6
274 288 8
220 56 2
234 45 3
222 19 4
159 124 10
47 152 9
136 273 4
106 146 6
279 116 5
66 180 6
18 97 4
298 151 6
165 298 9
66 150 5
281 55 6
132 252 5
247 244 2
256 65 9
221 294 3
256 259 4
167 149 2
211 105 9
222 243 4
235 282 9
247 255 8
134 39 3
180 223 1
133 162 3
236 175 8
42 83 2
85 178 10
43 55 10
55 160 4
20 93 7
262 292 5
163 5 5
3 180 1
257 282 5
229 201 10
94 167 1
3 192 10
81 167 5
287 95 5
94 18 3
192 161 8
297 28 8
56 265 1
53 7 9
244 171 9
14 85 2
34 0 7
110 39 1
67 262 2
208 280 4
30 72 10
141 270 2
219 19 3
272 217 7
87 93 4
80 219 5
154 290 7
35 254 7
276 275 4
16 197 3
135 18 1
230 233 3
203 119 10
206 209 9
295 90 9
59 116 7
244 9 6
182 155 10
232 105 6
29 241 9
159 170 5
59 66 4
84 147 1
243 221 5
95 68 6
98 253 1
94 66 8
222 299 9
179 191 5
176 47 10
70 74 1
104 71 10
124 103 2
268 163 10
268 257 3
122 297 6
142 47 3
258 272 4
273 201 4
243 102 4
14 260 5
141 6 7
161 118 6
0 219 9
95 149 8
32 284 8
257 175 9
51 106 3
155 199 4
73 88 8
140 284 7
201 260 1
100 82 9
263 202 2
178 278 4
51 299 7
265 43 9
249 24 4
69 299 4
187 260 7
28 224 3
259 263 1
8 73 9
292 285 7
226 205 8
9 243 3
277 35 3
33 229 6
185 266 1
63 17 6
186 299 6
168 210 4
83 143 8
55 63 1
208 243 8
148 55 8
90 253 4
146 297 3
217 279 2
85 137 1
53 9 1
83 190 2
202 51 8
60 286 2
289 39 3
299 295 10
58 271 2
115 179 6
61 203 4
229 286 2
268 147 7
237 294 3
204 31 5
10 137 6
232 1 3
113 132 8
222 80 10
130 279 9
282 194 8
238 184 5
241 254 4
155 171 10
39 117 1
236 192 9
222 247 9
98 280 5
256 101 10
181 90 8
186 165 1
15 137 4
277 53 1
112 75 5
84 80 8
78 182 2
121 137 6
156 158 10
214 155 10
185 139 5
94 176 6
61 72 5
158 37 8
264 57 4
74 254 2
34 250 9
251 218 5
21 157 5
114 269 10
122 191 1
261 90 9
109 79 2
168 13 4
60 64 7
248 38 7
109 266 3
278 119 9
97 291 3
124 173 8
97 59 4
233 87 2
274 228 9
52 281 9
131 142 7
280 272 4
172 73 8
12 257 6
293 239 8
79 143 3
44 259 6
32 126 6
252 42 8
58 150 5
254 11 7
257 108 4
4 223 4
295 82 6
161 228 10
214 203 2
222 81 10
27 66 6
277 114 8
112 213 9
205 87 1
172 242 8
75 142 8
283 287 5
57 75 6
163 272 7
129 225 2
91 262 6
290 19 8
140 120 10
66 182 1
123 215 5
145 239 1
109 198 7
137 112 5
144 149 5
200 152 4
109 18 10
126 55 9
96 141 6
116 91 3
31 27 9
152 13 5
80 186 9
17 7 7
78 184 3
144 181 7
150 291 2
92 162 3
29 54 9
38 266 6
47 21 6
205 220 7
120 295 9
258 187 2
172 43 3
40 177 3
191 164 1
238 202 10
17 33 4
89 124 3
0 18 3
134 110 8
66 208 2
90 30 10
154 148 1
292 286 7
47 9 3
15 67 9
60 92 6
42 24 10
111 92 9
20 73 1
250 163 8
26 230 6
50 69 9
52 120 4
28 32 4
94 188 5
93 147 1
198 241 1
292 147 2
96 183 5
167 148 4
272 124 9
16 124 6
133 262 5
184 185 9
230 49 9
52 221 6
154 95 3
89 91 8
147 103 6
262 6 8
96 263 3
75 23 10
245 56 9
147 274 4
107 9 8
276 139 1
133 270 7
23 164 5
259 226 2
24 279 10
60 266 1
59 15 10
165 295 9
55 127 5
101 132 5
36 181 6
60 43 1
215 85 9
34 198 2
195 36 2
182 15 9
235 261 8
202 27 8
168 241 10
35 253 6
273 196 9
274 191 6
33 213 3
147 66 1
60 113 5
180 82 5
26 43 2
261 288 6
164 251 6
182 174 7
17 263 7
184 154 10
4 216 4
199 50 4
292 223 1
136 272 3
293 288 4
137 57 5
163 141 10
133 180 2
245 22 4
179 232 7
218 130 3
257 43 6
242 49 7
209 279 9
132 150 3
294 267 2
126 82 9
23 148 5
125 128 1
131 16 10
45 66 3
45 272 2
291 114 7
15 238 8
247 49 8
23 116 9
238 76 8
120 20 7
253 134 2
11 68 5
108 282 10
191 84 1
280 49 8
288 230 2
156 173 2
270 102 6
3 19 2
62 121 3
30 279 5
146 245 3
133 21 6
68 180 8
69 108 7
143 52 3
14 51 3
11 193 7
65 232 2
80 5 6
7 214 3
206 59 8
24 174 3
227 138 5
296 233 10
233 88 3
252 211 1
175 45 8
61 247 3
47 34 10
299 41 1
43 179 9
260 295 6
188 62 3
281 296 7
188 27 1
35 161 5
291 17 4
73 137 1
291 95 6
64 130 7
135 240 3
107 149 9
267 81 9
102 175 4
178 290 2
146 127 4
64 110 10
33 268 2
43 114 4
71 87 6
213 22 2
4 49 1
200 158 4
63 213 7
236 11 3
54 121 1
60 200 4
57 275 4
88 232 5
30 262 1
53 21 4
166 296 10
259 154 10
291 281 2
280 255 4
30 56 9
111 42 5
149 13 9
196 6 10
144 132 2
43 2 3
119 214 4
244 56 3
122 7 10
158 299 10
223 178 6
171 115 7
293 90 7
299 290 8
142 295 3
172 42 6
52 119 6
243 94 5
252 6 5
280 130 2
130 69 2
24 0 7
219 255 7
203 24 4
120 81 7
23 243 8
154 267 10
109 270 7
75 123 8
185 43 6
8 24 1
184 281 8
215 87 4
288 281 1
110 146 2
197 205 5
131 107 10
185 187 2
203 192 2
107 260 1
268 189 4
270 287 4
85 120 1
126 81 2
99 228 2
191 64 3
283 15 9
85 270 10
291 151 4
162 30 1
209 72 7
150 28 6
136 184 7
178 66 9
295 247 5
215 240 4
24 106 3
265 107 1
31 69 5
208 170 6
84 46 9
222 106 3
40 292 8
233 93 7
284 25 10
163 99 9
253 115 2
142 146 9
41 160 2
129 242 4
270 203 8
233 62 8
235 76 2
268 76 9
173 169 7
181 57 2
150 242 9
29 279 10
241 223 4
59 30 10
107 200 2
45 57 9
243 292 9
162 103 7
298 71 8
104 218 3
219 188 1
77 277 6
220 190 7
56 72 9
156 66 7
90 241 2
167 201 7
81 221 2
284 105 2
124 298 3
97 60 7
146 215 9
270 227 10
72 20 5
182 82 10
254 213 2
131 30 2
102 90 6
166 158 4
96 168 6
156 22 10
48 192 6
57 118 6
8 34 10
152 231 10
117 53 5
298 75 1
276 7 8
60 9 10
174 113 9
110 93 4
191 289 2
57 228 4
254 48 9
247 123 8
39 268 5
107 235 10
218 184 5
190 143 10
42 254 6
50 97 7
173 187 9
18 233 3
84 56 7
134 12 8
22 25 1
73 126 2
145 214 6
45 115 10
277 263 9
102 182 9
150 153 10
30 102 10
251 200 5
238 64 7
165 227 8
181 141 9
103 70 6
295 189 4
259 212 9
172 60 6
192 219 6
67 160 5
54 198 9
48 251 8
295 71 6
265 128 10
277 247 10
71 59 7
125 212 7
193 40 6
27 281 9
5 222 1
108 112 8
165 42 4
251 199 6
95 152 3
218 129 6
202 227 9
273 65 6
231 45 9
42 35 10
236 196 1
134 178 4
221 276 8
298 29 8
136 27 9
265 13 4
191 142 3
5 143 3
111 248 4
138 35 2
197 35 10
3 240 1
224 172 2
223 152 5
278 57 1
40 212 8
77 234 2
176 119 10
111 152 9
244 203 8
79 170 10
203 139 1
202 234 2
86 44 9
234 115 10
62 184 2
295 14 8
218 287 3
12 281 4
149 122 5
148 61 7
43 89 3
232 291 5
85 67 7
36 82 7
35 0 3
5 201 8
112 259 6
188 84 1
129 10 10
249 112 4
64 277 9
34 144 3
238 177 1
278 112 6
87 110 7
61 55 3
154 258 4
279 172 8
12 84 6
84 30 4
203 175 8
4 253 5
171 299 8
36 292 9
298 107 3
170 244 3
75 188 1
175 73 10
172 277 2
139 195 6
110 98 4
69 100 3
250 230 10
160 120 9
67 49 4
154 89 9
241 144 10
178 265 8
276 161 8
104 32 4
232 206 2
26 286 10
148 286 6
211 148 6
230 164 5
278 164 7
189 112 10
11 181 8
98 273 7
48 262 9
222 285 9
32 131 9
233 196 3
58 259 9
112 16 10
230 77 5
36 246 3
93 169 7
154 263 9
144 122 3
195 107 7
212 6 8
93 8 2
239 264 10
39 145 7
198 97 10
136 128 6
88 109 8
220 61 6
57 250 2
115 21 5
177 21 2
77 200 9
47 151 4
88 289 3
103 231 8
104 163 1
72 54 9
137 204 4
211 204 9
63 2 1
138 66 5
98 258 2
272 14 8
281 115 8
214 221 4
283 195 5
279 83 6
101 119 6
86 33 2
264 288 3
58 84 5
25 45 3
34 122 2
205 166 7
28 290 9
196 105 5
82 158 3
205 256 5
172 68 4
284 277 2
174 108 2
16 290 2
130 19 2
55 57 10
234 294 3
72 77 9
285 204 1
164 101 4
144 119 8
118 260 5
289 246 4
116 272 4
135 58 7
128 185 8
213 224 4
203 288 2
243 144 6
116 139 10
10 194 9
189 93 4
189 46 7
127 254 6
89 152 2
18 191 8
127 288 7
58 218 7
225 183 7
137 82 4
297 281 6
259 81 8
206 57 5
255 15 6
238 132 1
208 76 7
73 113 3
247 106 8
242 137 8
139 91 9
2 137 1
158 98 4
152 259 9
258 140 3
194 258 8
233 69 3
34 106 5
264 116 1
171 246 2
203 167 1
137 298 10
195 65 9
193 214 4
35 40 6
269 12 2
3 33 1
179 91 10
50 256 1
127 117 5
98 162 9
167 50 2
292 113 4
15 192 3
109 268 6
260 219 1
223 3 5
124 10 1
26 117 8
71 70 3
92 191 6
7 126 4
252 73 1
245 122 6
174 138 3
1 172 7
35 106 9
169 299 10
218 75 6
166 279 6
290 133 1
224 35 9
111 180 5
15 175 5
210 208 8
223 39 3
124 54 10
196 157 6
161 17 3
256 152 5
121 30 5
176 199 3
275 81 8
174 292 8
84 93 8
200 140 2
148 207 3
108 121 10
156 76 2
112 160 1
228 252 5
275 210 9
219 36 1
132 273 5
10 18 8
107 10 4
260 60 10
44 268 2
140 39 1
51 245 1
230 63 1
281 138 5
157 289 3
19 45 5
169 263 4
177 37 3
272 59 7
118 29 5
198 250 2
266 108 3
243 70 3
191 150 1
117 299 3
261 218 3
94 6 5
171 296 8
41 105 8
134 169 4
41 256 10
26 197 8
74 194 9
79 209 10
99 15 10
3 15 10
86 209 8
205 51 1
1 40 3
31 20 8
267 21 2
93 244 7
274 153 8
77 82 3
289 72 1
188 13 3
286 198 2
46 16 4
272 115 5
233 245 6
102 202 10
98 122 4
246 215 5
84 25 4
21 15 5
39 229 2
17 125 4
288 267 4
119 182 7
147 223 5
169 220 8
193 212 1
19 40 5
67 130 8
45 200 9
200 65 6
96 217 7
76 54 8
66 166 6
279 181 2
235 67 8
39 221 3
45 274 5
198 10 4
245 190 6
110 108 5
159 85 2
277 235 7
73 49 7
12 116 9
191 290 1
82 113 4
220 213 6
232 102 9
169 179 3
2 115 2
246 197 5
56 82 9
133 157 1
209 195 7
151 13 1
295 187 2
196 197 6
42 295 8
61 16 2
136 23 10
297 29 4
189 169 2
153 213 4
228 147 1
59 112 9
80 288 4
153 155 3
69 249 4
122 224 2
168 174 10
124 281 2
133 218 3
107 15 1
196 237 7
147 142 8
260 49 8
129 150 7
109 47 10
164 217 4
83 261 5
197 132 8
249 228 10
66 95 4
134 28 9
148 98 1
211 48 9
6 93 6
123 93 10
224 134 4
194 117 5
72 203 7
240 295 9
290 185 5
86 297 8
95 44 5
220 152 9
21 64 4
35 56 4
169 152 3
122 241 5
250 91 3
154 297 1
10 259 8
192 247 4
272 225 3
88 61 6
282 227 3
117 45 4
245 38 9
133 217 9
196 229 6
150 199 4
35 130 6
273 246 10
9 63 10
93 39 6
71 241 5
221 218 10
224 82 8
259 218 4
132 25 5
176 56 3
5 85 4
104 99 8
191 250 4
39 95 2
264 248 3
166 58 7
206 135 9
266 91 9
106 3 3
174 250 5
141 37 6
288 10 1
82 159 10
82 167 8
80 191 9
270 251 8
133 281 1
71 242 7
70 204 7
275 11 8
62 129 5
11 135 9
238 282 3
127 213 7
192 120 6
52 145 7
291 268 9
129 9 5
266 135 1
162 183 10
264 68 8
257 57 6
128 142 5
125 262 9
217 209 1
91 175 8
183 247 8
105 4 1
220 207 4
33 0 4
234 154 10
165 213 7
103 146 1
183 28 2
124 53 1
232 91 4
197 284 1
130 256 5
1 154 9
128 215 3
204 271 9
11 57 3
235 285 4
274 255 2
91 121 2
179 224 2
137 152 9
163 277 6
123 29 1
292 284 2
97 95 6
137 193 3
97 42 9
30 249 10
104 183 1
192 110 4
202 297 8
31 158 2
108 126 9
137 294 5
19 42 1
6 192 10
253 183 3
13 36 3
180 242 10
194 272 1
16 245 3
187 262 2
150 164 1
244 143 4
64 172 5
144 146 3
113 179 7
163 73 3
26 136 4
35 291 7
167 118 4
172 33 4
35 163 6
71 255 4
235 37 4
128 241 6
131 104 5
271 187 2
285 121 8
8 67 3
14 279 2
158 126 5
237 286 2
119 232 1
69 150 3
262 231 3
217 123 3
253 218 9
141 159 7
202 0 10
33 150 5
217 129 9
255 103 3
165 48 6
270 220 3
60 10 10
240 49 5
54 132 2
220 26 9
63 255 9
111 121 2
109 142 5
255 62 5
212 89 7
45 177 9
281 152 1
297 102 9
175 106 6
235 275 3
230 22 10
210 237 9
31 219 2
83 64 9
152 41 6
139 6 7
102 120 1
147 267 4
175 90 6
71 148 1
155 36 4
258 278 7
59 210 2
292 272 5
278 207 9
44 33 5
183 86 3
228 232 10
17 224 9
260 186 3
181 58 1
163 283 2
74 141 5
48 30 5
113 223 1
133 149 10
186 220 3
224 118 7
169 192 6
205 248 9
102 16 6
210 185 6
40 219 3
204 234 5
287 74 1
36 257 1
121 3 4
16 32 2
233 79 6
249 222 7
268 150 3
282 249 6
111 18 3
214 53 2
213 64 3
96 190 10
26 299 6
115 23 10
136 186 6
297 42 6
288 191 6
133 9 2
211 122 2
65 48 2
154 30 3
280 165 10
197 68 8
156 218 6
258 221 4
64 298 8
113 239 1
209 257 3
148 280 5
97 221 8
189 224 10
285 279 2
20 196 4
203 108 10
273 82 5
289 283 10
29 32 6
1 28 10
136 288 3
239 95 10
102 59 3
216 77 5
230 272 6
28 76 5
224 240 7
250 189 8
103 109 9
157 222 3
48 47 10
231 172 1
1 60 7
139 69 5
27 273 9
81 208 8
92 39 7
105 183 10
250 80 4
147 16 7
165 199 10
18 72 2
76 21 8
130 113 3
22 23 3
278 4 10
118 66 3
235 258 4
95 42 5
107 198 5
71 28 10
25 160 10
46 162 2
150 56 5
11 199 7
143 150 6
249 250 8
83 251 8
104 268 4
34 11 2
291 59 6
99 116 3
216 289 7
120 89 10
257 280 10
100 246 8
7 95 7
57 253 9
119 57 10
245 165 4
225 67 5
187 264 9
133 295 2
229 76 5
8 195 2
29 222 6
253 240 7
83 289 4
275 207 6
234 90 6
110 232 5
280 59 1
260 99 5
157 144 8
273 179 7
198 279 6
28 6 3
155 121 10
42 208 7
290 93 7
188 30 5
227 236 9
145 179 5
282 243 8
73 246 3
139 60 2
151 211 6
82 268 1
259 3 4
184 141 3
168 211 3
50 100 4
272 82 1
60 202 7
61 136 8
79 120 3
256 255 2
74 28 4
165 185 3
103 0 2
79 263 4
115 189 10
100 145 10
177 117 10
58 115 3
177 26 7
137 201 2
38 124 4
119 67 2
298 185 8
70 264 4
100 211 7
237 217 9
182 223 4
122 270 6
164 196 9
42 43 2
74 78 10
107 133 5
234 265 3
13 296 3
144 251 5
226 59 6
109 63 1
226 267 6
80 278 5
32 99 9
205 60 6
128 250 1
176 7 4
177 169 9
290 53 2
234 261 7
122 130 3
290 183 8
69 170 4
181 299 3
110 18 10
93 59 9
86 36 5
117 258 8
271 231 1
159 165 10
30 39 7
193 148 8
268 11 5
236 58 10
159 242 5
299 54 3
195 246 10
19 208 10
103 154 8
71 237 9
49 217 4
111 299 7
120 289 8
217 111 10
166 265 7
276 183 7
211 208 8
239 110 5
113 215 5
89 229 7
15 105 6
260 68 2
53 299 6
109 181 1
99 108 4
197 289 7
288 118 9
251 159 3
268 172 3
53 197 8
222 237 2
282 64 8
150 55 8
274 83 6
10 205 8
40 79 7
57 71 1
257 132 7
265 151 5
223 75 10
91 238 10
180 289 1
1 8 6
269 164 2
238 93 6
268 209 5
248 93 6
168 169 7
25 233 1
234 18 2
122 214 6
283 140 4
193 205 10
152 11 5
61 15 4
101 23 6
109 274 1
66 154 2
185 117 8
233 267 4
219 156 8
195 29 2
68 83 2
286 151 3
20 127 7
195 122 1
266 239 3
116 134 2
42 232 10
114 121 6
188 147 7
154 118 10
149 77 1
35 263 2
248 216 8
18 163 7
197 296 10
119 20 1
82 216 9
73 237 8
3 191 8
43 211 3
71 80 10
178 48 3
132 120 1
89 243 9
37 8 8
97 68 2
144 167 8
100 284 7
138 122 6
219 240 1
28 61 3
190 94 10
135 132 5
12 44 5
195 194 3
111 133 1
290 281 9
119 213 5
32 217 10
77 221 9
169 43 10
232 124 1
242 291 5
188 3 6
212 158 1
61 129 8
144 175 6
273 85 2
237 226 2
290 36 6
295 95 10
71 63 9
239 263 5
65 105 5
89 267 10
221 99 2
120 67 8
59 233 3
35 262 9
241 181 2
289 226 6
285 62 1
59 10 3
2 35 2
170 54 2
34 114 8
280 204 3
155 78 1
107 129 6
214 164 3
192 68 9
120 125 10
134 127 8
56 217 2
190 97 10
175 277 3
260 124 7
255 176 7
148 121 5
256 83 2
277 4 5
26 25 8
81 37 8
107 256 6
18 134 1
226 278 3
164 20 1
29 178 7
190 285 7
294 256 3
93 171 8
151 217 10
14 121 4
51 259 3
174 215 9
72 125 1
54 292 6
45 36 3
91 261 9
117 238 6
249 141 2
148 4 9
35 212 9
207 219 4
54 215 7
135 265 3
191 110 2
141 209 8
150 245 8
272 83 9
105 54 8
9 40 7
67 108 3
89 111 5
203 273 2
134 219 3
78 237 9
66 260 6
52 20 6
253 153 4
118 172 1
265 290 7
292 287 7
127 131 6
78 107 5
240 13 1
117 156 6
214 246 6
159 199 8
137 255 1
268 36 2
81 2 6
60 51 6
163 21 4
97 203 6
194 71 7
107 148 3
213 99 4
156 32 3
41 265 8
91 56 8
192 223 8
114 45 3
86 236 7
98 50 6
119 173 10
292 221 4
94 93 10
173 92 2
88 71 3
254 14 5
185 271 1
152 267 4
94 229 1
224 98 6
167 86 10
288 220 3
252 236 3
241 153 3
237 116 2
59 182 5
72 239 8
201 194 9
89 46 5
127 123 8
121 105 4
3 236 8
169 155 3
131 68 10
261 237 2
30 9 10
14 210 1
197 62 6
106 124 1
80 235 8
222 47 3
103 111 7
103 184 5
101 60 6
105 20 9
194 85 2
183 223 4
274 6 10
124 228 8
171 68 2
125 245 9
137 120 8
238 37 6
227 115 3
84 232 10
224 51 6
84 205 4
294 236 10
66 292 3
76 36 10
291 32 10
287 210 6
236 216 9
34 101 3
115 221 5
20 132 4
25 177 2
176 217 1
285 284 2
296 36 6
161 49 1
38 62 1
263 175 4
167 204 3
13 177 3
262 202 6
83 246 9
74 256 4
36 294 7
167 289 1
111 198 8
258 17 1
51 104 2
229 62 5
226 106 6
95 203 7
86 134 8
167 218 4
192 44 7
86 41 10
75 58 6
66 228 2
108 216 1
246 222 5
159 296 2
202 94 7
173 52 2
280 153 4
17 22 6
139 95 2
230 285 3
80 59 6
161 284 9
40 117 9
132 256 2
71 133 8
208 190 1
78 142 2
13 129 5
180 51 5
7 208 6
125 233 1
188 230 9
127 54 8
70 220 1
95 60 10
216 71 2
296 148 4
177 29 7
75 63 1
162 62 8
29 114 5
92 178 2
8 180 10
99 247 4
80 56 3
253 100 9
88 104 5
3 213 6
87 159 5
172 251 9
15 135 7
16 214 8
33 90 7
175 188 1
18 280 5
201 70 7
284 112 10
68 64 9
292 225 4
91 62 7
174 236 3
100 4 5
65 234 4
181 171 10
135 110 7
270 195 8
210 255 7
269 92 4
194 13 10
187 241 10
35 114 5
72 172 1
64 24 8
264 145 8
71 276 1
25 228 2
263 212 7
211 50 6
87 116 2
105 291 10
232 200 5
44 14 10
202 229 2
292 6 10
88 196 8
18 145 6
174 94 3
242 289 7
36 27 6
134 283 6
144 61 3
172 250 9
90 172 3
274 188 5
46 282 6
76 19 6
282 27 1
104 120 10
297 210 4
94 98 8
197 114 4
24 214 9
32 260 1
127 144 2
47 52 9
11 265 10
155 267 3
261 68 6
55 244 1
258 9 6
2 191 2
138 75 4
176 120 1
273 8 5
158 165 9
76 107 9
173 247 10
173 5 5
33 146 7
272 220 8
98 292 7
139 110 5
260 228 7
168 205 1
75 36 1
215 212 5
233 175 5
100 219 7
286 158 2
247 254 6
156 222 10
254 245 9
72 161 10
175 140 1
91 159 9
104 134 8
200 168 10
194 90 2
98 41 8
93 199 6
129 83 4
244 26 6
93 280 4
124 261 6
216 271 7
254 156 4
287 5 10
129 116 8
140 290 3
66 74 9
212 261 6
11 149 6
55 19 10
237 160 3
270 127 9
183 296 7
107 97 8
210 146 7
260 65 3
188 196 9
215 126 5
266 246 1
252 91 7
42 291 6
250 67 9
226 121 1
297 240 5
70 101 8
124 65 5
223 130 10
147 92 7
198 83 8
269 31 3
218 34 5
141 289 10
1 58 8
172 282 5
122 25 3
172 197 3
245 252 2
105 86 9
264 224 6
61 38 8
152 121 9
14 265 1
164 297 10
122 1 4
1 262 5
96 116 9
105 31 8
292 209 10
226 180 7
170 37 5
165 33 10
126 260 7
222 129 2
199 243 8
191 285 9
250 186 6
10 196 2
18 30 4
294 22 2
288 79 9
58 221 8
32 224 6
152 148 7
204 288 10
42 157 10
282 174 8
28 53 3
253 158 9
130 215 5
116 95 4
60 133 1
127 211 8
299 239 8
115 186 9
262 284 6
140 171 8
84 198 6
157 52 3
262 103 2
223 13 1
110 169 2
159 18 1
140 44 1
86 7 7
121 294 7
66 80 7
164 28 10
245 244 7
49 115 3
189 181 4
117 290 1
238 120 9
93 119 7
153 144 1
214 32 7
218 17 6
50 109 1
285 3 2
283 189 4
211 130 5
9 292 5
26 139 1
80 165 1
74 174 4
2 287 3
21 150 10
145 274 10
77 189 9
205 284 9
20 115 5
55 225 5
207 216 1
98 196 3
61 150 5
103 222 10
19 282 3
284 181 8
136 256 5
32 265 1
101 1 5
120 152 7
153 34 1
204 217 9
24 45 5
165 202 10
151 108 10
257 233 9
262 38 9
108 17 8
255 119 9
237 133 3
4 226 10
195 264 1
5 129 7
42 137 2
137 245 5
39 168 3
122 206 3
181 203 5
121 271 6
43 132 6
108 258 9
130 100 7
12 188 9
289 118 1
290 255 4
220 47 4
253 165 2
173 221 2
165 119 6
292 236 2
226 172 8
65 84 5
265 253 9
11 165 5
215 250 9
49 290 2
3 221 10
142 226 8
30 111 8
184 210 1
59 264 4
64 287 8
222 208 3
107 279 6
167 17 8
188 197 8
221 194 7
205 63 3
235 276 2
142 249 9
197 78 1
41 194 10
60 177 7
169 135 7
42 146 7
143 36 8
214 174 10
114 68 5
30 217 5
175 174 4
125 54 3
156 266 10
121 51 7
68 111 3
45 285 4
108 117 4
115 15 4
13 124 7
34 255 2
30 5 3
81 247 2
92 96 1
218 120 7
141 111 7
12 234 8
205 62 2
210 125 9
152 65 2
238 261 5
177 255 4
198 178 3
185 106 4
188 203 1
2 296 4
186 181 4
250 253 10
157 36 9
23 49 2
82 130 9
269 120 8
167 250 8
127 207 2
255 107 10
206 212 7
249 262 6
128 152 1
299 138 10
65 21 8
222 77 4
64 164 9
158 252 4
150 13 8
158 276 9
222 121 6
57 88 9
245 147 8
253 255 9
294 89 10
196 181 8
154 257 4
224 265 5
27 258 5
246 274 4
22 112 1
118 141 8
241 112 6
224 193 8
16 284 5
161 37 8
292 215 1
75 110 2
37 275 7
46 25 6
257 191 2
199 97 3
19 102 8
251 94 7
225 22 10
47 153 3
221 19 1
160 277 3
119 27 4
114 137 1
7 162 6
21 108 10
20 298 6
129 226 2
11 212 6
268 162 7
228 259 9
4 256 3
104 289 1
34 118 10
278 290 6
189 296 4
43 72 5
162 261 4
197 46 7
49 272 9
250 278 4
24 158 2
87 157 4
185 16 3
246 91 1
20 141 9
269 191 4
148 26 4
272 93 2
134 251 2
100 133 9
175 122 2
34 161 6
215 52 3
191 260 3
223 251 2
150 205 4
155 32 9
266 64 7
144 178 10
107 84 4
9 110 3
239 76 10
248 179 3
284 44 7
249 128 3
36 90 9
172 267 8
56 173 5
51 227 3
133 33 6
291 206 2
111 52 10
283 276 9
206 174 9
115 50 10
68 273 3
16 29 6
276 206 8
185 102 2
219 285 10
117 171 3
21 207 3
130 46 6
74 16 1
24 113 4
46 211 3
86 1 3
250 44 9
127 119 7
216 280 5
55 246 9
182 51 7
215 256 8
58 104 6
273 226 6
232 236 1
163 14 2
63 263 10
20 186 9
135 13 5
78 77 7
297 13 4
246 17 9
232 137 2
247 216 7
88 287 9
257 11 2
213 60 5
69 2 5
155 28 4
7 172 2
5 34 10
255 136 8
220 100 7
214 132 5
72 200 6
102 264 10
105 63 9
73 231 9
53 251 1
152 138 6
142 16 4
62 94 10
261 54 9
29 141 8
245 10 3
188 266 10
277 197 5
106 242 5
207 274 8
91 107 2
196 138 3
289 92 10
48 85 8
157 8 3
198 182 9
240 138 7
165 257 7
54 56 8
13 232 5
32 43 2
10 5 2
38 252 10
52 86 7
282 54 7
193 36 9
29 180 7
256 178 7
216 86 3
106 0 10
50 3 5
295 105 7
144 66 4
62 118 8
6 9 6
110 291 4
152 150 7
226 119 3
184 47 2
98 254 3
108 40 7
247 249 1
41 150 9
209 70 3
71 235 6
110 209 4
38 226 7
156 81 8
153 293 1
172 187 6
269 255 9
153 226 3
24 212 2
113 134 1
33 88 3
18 74 5
156 54 2
76 25 4
85 168 1
201 256 2
161 142 10
176 185 2
69 185 9
44 11 2
220 113 7
299 242 3
97 213 3
295 58 10
293 15 7
134 236 8
108 279 7
233 33 8
265 40 2
127 122 10
111 238 1
278 253 9
144 219 1
14 99 3
233 177 3
212 128 2
184 209 8
262 235 3
60 19 2
112 289 10
295 55 6
44 247 6
273 6 7
242 110 6
139 140 6
73 138 8
180 282 6
282 50 9
215 82 3
234 113 7
291 90 10
185 4 2
99 203 2
17 55 4
86 259 3
67 90 6
82 51 10
214 69 6
266 149 2
104 52 10
285 98 9
16 87 10
27 29 2
235 84 5
294 13 7
219 210 4
244 275 3
127 126 10
64 131 2
289 126 6
21 253 8
108 241 7
153 218 6
202 152 3
193 200 5
21 26 10
219 131 10
288 61 10
129 191 10
67 202 2
221 185 7
181 147 8
144 297 3
203 164 10
92 49 9
274 22 9
224 256 3
111 229 3
117 263 2
237 214 9
50 116 5
163 242 8
121 131 2
52 84 1
88 83 3
187 112 5
114 20 5
177 159 8
141 92 5
61 195 3
290 279 10
199 271 10
56 134 2
71 50 2
148 69 3
97 118 3
239 53 10
138 50 10
39 128 5
182 262 9
209 97 5
145 32 2
93 89 8
167 39 7
196 264 9
170 293 5
220 237 9
268 52 6
288 140 4
254 282 4
93 58 3
298 69 2
178 251 8
157 261 2
176 54 2
217 110 4
187 24 8
174 34 9
179 201 2
172 158 3
73 298 10
259 267 5
185 120 2
85 13 7
164 0 5
299 71 2
195 0 2
63 250 2
202 75 10
61 241 8
199 228 2
14 161 10
296 63 6
107 11 2
157 26 7
5 66 10
23 138 3
54 80 10
213 239 9
250 144 7
223 217 3
225 274 6
253 298 8
299 273 7
48 183 3
292 208 1
90 237 3
264 123 8
292 217 6
279 237 4
169 298 7
29 199 5
10 6 5
61 70 7
285 255 8
188 64 4
17 58 10
180 39 2
275 141 6
131 128 1
205 77 1
288 286 2
3 279 3
224 129 8
128 229 7
263 233 7
185 11 1
192 104 2
91 87 4
116 202 6
210 257 3
229 272 3
34 145 4
172 103 3
110 154 10
101 233 2
164 208 9
99 100 4
259 221 3
202 200 1
3 248 2
210 247 10
288 297 1
33 52 7
292 228 4
217 150 9
292 160 9
245 30 9
252 295 2
28 192 1
293 29 8
255 73 9
31 89 9
256 94 7
163 2 2
235 204 9
5 37 7
276 93 2
236 88 10
60 87 4
258 20 9
130 76 5
268 92 8
261 138 6
235 290 10
126 61 9
219 148 9
132 286 10
294 222 9
10 25 1
216 121 3
185 66 2
48 231 9
34 296 9
133 167 3
59 239 5
121 168 3
22 60 2
183 143 3
243 226 8
157 209 1
12 152 2
105 49 3
237 201 6
104 94 7
105 274 5
279 270 1
229 30 8
87 139 6
272 277 8
194 239 1
203 54 3
149 98 5
58 235 3
59 121 1
139 43 2
84 203 3
14 79 10
41 117 7
217 113 2
130 228 7
115 266 10
282 288 8
253 198 5
166 104 4
139 165 1
201 114 8
204 52 2
65 98 1
125 164 1
23 247 7
122 261 6
163 215 5
251 190 6
127 147 10
79 128 10
280 36 3
297 241 3
19 236 5
291 70 9
33 8 8
3 153 4
181 237 1
125 65 4
287 276 7
243 53 1
247 48 8
233 284 6
102 42 5
70 164 8
134 227 4
270 250 2
89 119 2
1 138 9
169 120 10
110 102 8
273 197 1
78 297 8
110 158 6
73 249 8
265 44 5
269 98 1
104 35 4
117 228 7
39 1 10
192 65 3
109 235 7
98 119 6
235 211 10
122 140 3
49 102 6
288 169 8
134 264 7
201 9 5
125 9 3
218 93 5
217 254 4
203 168 8
110 174 3
136 148 5
34 27 2
281 257 5
218 59 4
139 200 3
84 162 10
231 264 4
38 286 1
131 110 7
209 66 8
103 188 10
55 275 9
267 291 5
199 211 5
85 173 3
117 159 3
117 289 3
211 239 5
0 140 8
71 249 6
87 161 6
230 246 8
140 169 4
92 170 9
42 132 2
51 10 4
91 267 3
259 131 8
26 243 6
41 203 4
167 80 9
250 263 8
193 195 6
278 165 1
182 280 8
241 194 2
72 222 3
38 154 4
8 246 6
204 53 10
192 217 8
70 289 6
180 61 2
205 194 3
12 249 4
73 22 5
25 299 9
200 157 9
253 92 3
100 137 4
43 97 9
222 76 5
224 188 6
152 81 9
103 6 2
246 286 9
109 134 7
75 116 10
263 276 2
86 145 8
125 248 10
114 225 2
0 257 1
259 142 1
128 149 2
74 113 10
156 89 9
152 102 3
109 132 10
145 137 1
102 292 1
120 149 8
34 25 6
229 223 9
279 275 8
178 6 4
159 140 5
20 212 3
99 107 6
108 262 9
151 113 7
137 176 8
228 18 5
159 61 10
286 133 7
249 103 6
164 40 1
285 262 10
167 179 2
217 84 3
131 215 9
252 62 5
255 64 8
56 281 9
45 157 10
90 46 10
58 136 2
3 242 5
11 67 7
293 78 4
226 181 6
145 190 3
90 38 6
188 37 10
208 9 9
132 153 8
216 19 6
47 86 10
