2 200 4000
0 1 6
0 2 1
1 3 6
3 4 7
0 5 2
3 6 8
5 7 5
0 8 8
2 9 1
7 10 7
7 11 2
4 12 7
12 13 5
8 14 7
2 15 9
10 16 6
11 17 6
5 18 7
11 19 4
8 20 6
6 21 8
18 22 8
1 23 1
12 24 2
7 25 1
10 26 10
1 27 3
22 28 9
19 29 2
9 30 5
9 31 4
0 32 7
13 33 2
6 34 4
21 35 9
13 36 5
35 37 3
33 38 7
25 39 4
5 40 5
39 41 6
25 42 10
36 43 10
4 44 1
40 45 5
23 46 5
23 47 3
30 48 8
35 49 5
33 50 3
48 51 9
13 52 9
22 53 10
21 54 6
14 55 6
42 56 10
12 57 1
1 58 5
28 59 5
22 60 10
14 61 4
40 62 3
17 63 4
56 64 2
37 65 2
31 66 10
24 67 2
15 68 4
63 69 5
14 70 1
40 71 8
38 72 10
21 73 1
59 74 7
55 75 7
16 76 9
40 77 7
65 78 6
0 79 8
71 80 1
26 81 1
79 82 1
71 83 9
63 84 9
76 85 7
15 86 1
1 87 6
45 88 2
45 89 3
59 90 6
42 91 4
11 92 7
13 93 10
38 94 2
41 95 4
49 96 4
50 97 10
80 98 2
35 99 6
9 100 6
80 101 5
80 102 2
48 103 6
36 104 9
99 105 7
26 106 10
96 107 10
30 108 3
52 109 5
71 110 9
57 111 9
5 112 8
30 113 10
71 114 5
5 115 7
109 116 8
61 117 3
111 118 6
59 119 7
13 120 3
33 121 6
100 122 10
121 123 8
57 124 3
97 125 2
81 126 9
71 127 7
55 128 6
62 129 1
22 130 7
110 131 5
88 132 6
30 133 6
27 134 10
114 135 5
54 136 9
134 137 3
15 138 9
87 139 3
96 140 10
66 141 3
44 142 9
112 143 4
40 144 3
100 145 3
18 146 4
36 147 2
133 148 10
62 149 7
69 150 2
56 151 6
75 152 10
106 153 6
26 154 5
53 155 6
28 156 5
109 157 8
31 158 3
128 159 10
95 160 1
129 161 4
135 162 3
145 163 8
129 164 9
146 165 8
29 166 5
66 167 3
14 168 3
47 169 5
71 170 10
148 171 4
32 172 9
88 173 9
44 174 3
69 175 2
96 176 3
127 177 9
19 178 1
163 179 2
86 180 8
17 181 2
141 182 10
90 183 8
61 184 5
86 185 7
141 186 10
84 187 4
4 188 5
130 189 10
67 190 5
126 191 6
174 192 2
137 193 3
89 194 5
146 195 8
142 196 2
24 197 8
64 198 4
111 199 1
153 115 10
107 91 1
84 38 9
121 45 1
12 99 4
95 128 10
86 133 3
103 191 2
43 84 9
162 103 1
64 27 5
157 187 4
65 120 2
167 39 9
114 98 9
118 136 5
30 50 5
156 78 1
153 31 7
13 160 3
103 66 8
66 162 2
118 148 1
110 78 1
122 75 3
147 98 10
6 78 4
136 57 6
93 123 1
121 78 3
91 29 7
94 185 10
98 145 4
55 138 6
61 67 9
124 84 7
185 165 6
71 194 4
148 163 1
30 172 5
162 41 9
106 18 9
110 124 6
117 185 5
37 69 5
14 150 7
89 158 4
10 166 10
104 23 4
179 128 2
197 169 7
188 137 2
141 145 6
127 131 6
129 22 9
126 83 2
102 68 4
40 188 9
7 190 9
33 57 10
118 50 9
6 150 8
185 113 3
142 37 10
11 59 7
19 123 2
155 34 2
167 127 2
74 188 8
148 107 8
4 42 2
86 98 7
115 6 5
151 177 2
170 130 7
64 115 5
82 127 3
69 120 9
10 182 7
85 92 5
61 144 2
140 165 1
135 84 3
137 51 5
43 0 10
106 59 5
102 15 5
192 31 4
176 110 4
99 199 7
66 185 2
100 78 9
42 48 8
172 90 5
152 3 10
30 154 1
19 169 5
56 52 10
73 15 5
15 193 7
137 156 4
165 20 5
74 73 7
107 190 1
145 27 3
146 127 2
122 154 8
117 50 9
50 94 5
84 148 4
16 51 6
69 56 1
41 46 6
67 116 9
13 192 1
93 36 7
2 23 1
10 82 10
123 149 2
26 166 10
26 195 10
180 19 9
64 53 1
31 103 1
18 121 10
129 114 10
172 21 6
22 37 10
151 49 5
110 64 5
91 23 7
10 133 6
108 88 4
78 169 9
136 65 2
26 101 5
68 160 4
102 133 3
185 56 3
126 32 9
149 174 10
99 93 10
20 156 7
126 48 2
61 35 10
149 128 6
96 34 6
152 167 9
76 187 3
139 157 2
56 143 1
169 102 3
41 42 9
82 47 6
165 158 7
169 13 10
3 66 1
127 89 2
31 193 3
20 160 5
137 43 7
198 120 4
114 131 3
132 150 1
166 94 9
194 149 1
186 10 4
102 180 5
55 124 1
154 130 10
197 80 2
185 141 7
76 26 4
168 40 9
15 100 8
194 60 9
1 17 10
93 186 5
138 88 9
60 48 7
3 138 7
29 65 2
20 35 7
113 59 3
163 44 7
165 173 2
29 163 9
198 56 4
117 23 1
75 88 5
33 58 10
67 41 2
136 111 3
195 16 2
192 42 10
119 36 8
122 197 8
94 112 8
75 151 10
23 172 3
187 161 4
185 193 7
77 3 5
59 63 8
14 24 3
50 140 1
46 112 7
99 54 1
192 104 8
167 32 6
14 30 2
21 45 3
161 107 1
149 81 3
108 140 6
56 57 8
79 40 3
72 127 7
115 124 3
64 98 7
54 98 7
2 163 7
61 183 2
27 102 5
128 34 10
174 117 2
129 78 2
152 105 5
141 75 7
68 7 6
68 94 10
44 55 10
147 45 4
54 10 5
41 114 6
163 185 4
112 77 5
159 133 2
73 57 10
154 168 5
39 127 2
151 51 7
79 95 9
198 157 6
194 70 10
95 57 3
102 63 6
85 137 1
25 199 2
182 169 2
92 44 4
92 25 3
91 195 6
22 109 10
24 106 8
76 192 9
73 78 1
167 143 5
150 47 1
59 23 7
128 71 4
103 148 10
176 129 9
183 45 7
16 144 6
123 92 9
40 29 4
109 128 3
43 166 6
14 108 4
197 10 3
119 72 3
182 98 5
191 121 8
41 132 8
195 35 9
166 100 10
104 57 10
60 85 7
167 193 3
47 193 2
146 95 8
160 190 8
98 133 8
14 3 6
68 50 9
18 148 5
174 134 2
128 78 10
90 43 2
184 70 9
50 24 6
24 83 3
2 42 3
36 187 5
163 171 2
98 179 9
49 132 1
152 178 2
70 7 10
56 104 4
169 132 10
36 89 7
63 141 3
163 144 5
16 123 6
185 118 2
84 66 5
90 184 2
31 110 3
181 169 1
172 29 1
112 137 8
53 124 6
182 106 9
99 81 4
41 131 5
11 165 3
48 83 7
109 103 6
27 68 4
92 192 4
187 77 7
25 78 6
67 19 6
74 18 3
176 142 2
41 99 10
81 37 6
26 117 10
198 175 9
102 88 10
122 137 10
57 44 6
61 92 6
193 1 10
193 151 8
112 161 9
198 172 9
28 42 6
115 187 10
34 95 1
93 128 9
120 87 5
45 73 6
183 170 1
44 168 2
176 143 7
43 17 7
86 29 5
143 60 5
87 174 5
156 42 4
139 164 6
93 160 1
88 74 10
165 87 10
23 79 5
139 27 10
40 123 8
114 31 9
27 155 4
36 84 1
38 82 1
110 126 5
136 189 2
55 167 2
62 73 10
152 63 3
119 169 1
147 15 2
11 152 4
186 189 8
88 126 9
161 173 1
196 17 5
7 184 1
144 113 10
101 105 7
80 96 1
36 78 8
81 179 2
89 135 10
111 89 1
83 89 6
163 136 1
152 65 3
129 26 9
178 33 9
80 13 10
198 118 10
120 31 8
55 8 1
75 49 1
162 167 9
138 90 10
28 17 6
0 74 10
26 176 7
124 100 6
32 43 8
170 147 2
153 111 1
137 79 9
15 29 1
35 62 6
184 187 7
89 137 3
175 133 5
38 123 10
110 195 9
21 183 1
63 1 4
145 164 4
5 159 5
95 84 8
93 191 1
77 195 6
51 107 8
95 4 1
20 24 8
119 10 6
49 136 2
193 146 8
143 16 3
176 134 1
196 20 7
131 122 9
21 17 1
112 32 2
62 17 8
50 92 4
82 174 10
162 25 9
184 27 10
157 158 6
143 148 6
184 16 9
46 122 7
73 36 9
62 90 5
62 10 2
191 119 4
4 87 5
165 58 5
52 94 9
160 35 4
182 48 7
61 121 5
173 3 10
188 123 10
67 104 10
191 1 6
76 8 9
131 40 3
164 37 7
187 134 3
38 6 7
179 154 3
114 158 5
140 74 10
119 71 5
57 14 6
145 159 1
169 68 8
12 171 9
68 147 9
150 37 10
125 193 9
21 89 1
157 170 5
28 136 2
121 28 3
147 52 5
121 137 3
177 81 10
127 159 4
18 190 9
94 153 9
142 95 5
137 13 8
82 120 4
75 183 5
129 24 3
177 52 10
29 142 8
194 141 1
109 97 2
56 183 3
168 101 6
70 191 7
155 76 2
126 25 4
97 193 10
62 186 4
162 108 1
125 158 3
167 103 8
29 168 9
177 183 9
106 90 7
23 196 8
92 79 4
125 56 7
145 116 3
155 65 5
166 15 8
13 103 8
19 125 8
110 180 1
167 115 2
74 95 4
95 123 2
147 35 9
49 135 7
20 42 4
91 98 4
92 8 8
164 9 4
120 148 4
173 129 8
127 179 9
152 171 10
5 170 3
83 66 7
163 41 4
129 157 9
141 158 4
51 82 8
177 104 6
47 111 8
128 33 7
40 136 5
38 59 3
48 196 9
195 132 5
186 139 6
181 9 1
155 195 9
152 124 6
64 100 2
49 180 9
147 136 8
47 185 3
44 49 10
196 70 2
1 66 7
138 20 6
48 133 10
138 96 10
66 29 1
138 162 4
67 21 7
144 96 7
3 100 7
133 166 7
53 178 1
152 93 5
72 166 10
121 168 3
65 77 2
181 141 3
131 55 9
126 35 6
84 20 10
97 91 1
164 123 7
128 80 4
156 139 9
146 45 6
71 30 8
93 162 4
79 127 3
173 102 2
121 120 7
133 7 6
134 159 2
162 197 6
169 165 8
191 89 7
197 164 6
63 66 2
103 35 7
100 49 1
129 7 7
88 57 3
172 36 4
147 21 9
134 122 8
91 135 8
166 11 7
84 62 1
43 175 4
82 77 6
126 138 5
48 161 3
110 17 7
136 88 8
148 142 5
129 18 10
84 39 7
37 30 2
169 25 9
198 49 7
135 17 6
53 18 7
26 158 2
161 40 10
19 170 9
118 190 4
58 162 1
180 182 1
57 166 2
82 90 7
49 176 7
102 46 3
74 101 4
5 121 6
118 81 1
125 145 2
38 156 6
163 40 10
49 5 4
90 19 1
61 39 2
143 12 2
146 174 3
32 50 7
60 166 6
32 88 1
132 193 8
24 175 10
19 171 3
19 16 7
50 171 6
132 121 7
187 108 7
145 65 9
79 123 3
91 57 6
44 198 9
142 62 5
71 18 8
60 51 9
85 44 5
152 159 7
95 58 5
80 22 4
150 36 10
196 107 3
122 199 1
98 66 3
138 111 3
91 54 2
185 71 7
162 194 9
65 4 3
166 132 6
145 169 9
20 157 8
135 151 7
0 10 3
6 61 8
182 199 5
7 73 7
183 69 3
30 178 2
198 180 9
194 6 5
46 124 2
145 157 2
47 24 9
103 168 9
31 164 9
112 126 8
106 84 1
15 81 1
54 63 1
182 116 9
151 191 7
122 118 5
81 169 4
56 184 5
98 55 9
139 24 6
98 39 3
188 103 4
139 114 4
179 28 6
142 77 4
143 55 3
43 94 10
189 24 4
178 20 8
112 155 8
84 8 3
6 175 1
19 194 10
14 144 7
75 26 3
96 94 6
40 143 10
80 144 6
88 46 6
130 153 5
16 194 9
165 15 2
68 155 3
70 148 9
31 195 7
131 69 5
22 63 8
176 151 2
195 51 1
140 124 2
58 142 10
19 143 6
90 156 4
122 151 6
180 31 3
141 36 8
77 121 3
21 103 10
76 145 5
56 127 3
20 81 3
73 133 8
2 83 3
148 147 3
155 122 6
69 47 8
182 195 7
185 175 5
98 110 6
50 155 4
85 121 2
191 81 6
91 146 6
176 126 2
142 125 4
89 29 1
199 94 4
15 108 5
18 132 1
173 44 10
111 76 2
188 146 10
183 141 4
126 37 5
51 109 1
3 127 1
129 110 6
90 162 2
97 7 3
63 133 3
87 33 4
112 14 6
99 51 10
152 62 7
57 123 7
80 196 9
49 30 3
138 153 7
116 114 2
17 146 8
169 135 7
116 95 5
109 98 1
72 176 6
129 170 7
96 135 7
165 195 5
132 65 6
152 50 8
18 186 3
199 153 1
100 137 5
116 27 9
50 169 5
4 141 5
79 105 8
170 139 5
114 5 9
153 55 8
44 101 4
150 42 4
83 116 7
60 142 6
31 167 9
148 101 6
140 97 4
85 97 10
131 198 2
71 35 8
146 15 7
26 122 1
134 4 9
89 32 8
194 164 8
29 69 10
177 7 4
1 146 2
133 160 5
2 114 2
0 56 2
1 40 6
189 92 2
63 61 1
178 193 7
21 44 5
23 144 1
111 174 3
122 120 10
45 106 5
181 94 1
101 90 10
154 57 9
74 83 5
53 153 5
97 4 6
196 159 5
188 132 2
127 158 10
49 82 1
131 187 2
154 125 3
90 25 1
54 14 6
12 125 8
5 110 2
50 138 9
181 91 4
127 0 3
148 31 5
82 134 6
12 150 1
188 111 4
69 128 1
158 147 2
125 113 3
103 61 2
14 12 9
183 185 8
1 76 9
120 134 4
60 61 8
75 58 6
108 118 4
59 79 5
95 199 7
38 74 5
93 3 7
32 164 7
163 1 2
64 43 2
33 136 4
47 22 10
63 15 6
150 24 5
42 5 7
94 21 8
142 179 9
162 30 3
189 199 5
185 143 10
49 103 10
188 25 8
190 173 6
46 20 5
155 73 5
53 83 7
79 106 10
159 110 2
6 4 9
121 106 5
9 132 6
11 117 1
39 67 3
31 79 4
32 22 1
96 199 9
133 187 1
151 67 2
16 41 10
111 126 1
143 35 1
88 93 6
132 147 9
44 59 6
4 114 7
85 39 9
103 99 8
65 7 8
100 62 5
18 144 7
52 18 2
46 162 1
116 61 9
87 50 2
7 182 5
175 37 9
144 194 6
25 180 2
38 108 1
65 130 9
74 141 4
129 58 4
2 186 1
130 147 3
167 191 5
194 79 9
35 45 6
15 113 6
71 12 5
78 147 1
0 63 1
145 9 7
96 62 5
156 170 6
130 111 5
112 30 5
108 81 10
113 173 4
22 162 3
122 78 2
117 198 6
81 102 8
11 115 10
76 149 7
71 78 7
69 53 3
24 59 8
35 148 6
150 90 8
1 183 1
13 6 7
97 101 10
62 30 3
161 93 2
21 3 5
197 1 7
161 86 10
168 145 8
4 160 7
21 83 9
6 139 9
6 137 5
1 26 9
140 198 3
39 106 8
155 166 7
126 117 5
119 111 4
100 65 4
180 156 10
81 17 4
161 23 8
181 86 5
151 68 6
5 94 1
18 125 6
88 151 10
177 28 10
190 58 10
63 105 9
9 19 4
155 133 10
36 53 2
64 157 9
18 192 5
58 193 2
93 78 10
54 49 7
7 101 4
39 33 1
19 114 10
97 116 8
193 180 5
115 107 10
128 63 9
157 89 6
74 103 7
153 18 4
198 189 9
183 139 9
48 136 1
48 5 2
48 124 6
196 140 3
22 75 1
196 51 3
179 124 5
84 53 4
123 60 5
166 21 7
79 73 8
107 20 8
27 60 9
140 22 6
53 110 8
188 49 2
199 23 1
145 127 10
78 131 1
71 169 4
137 144 9
159 117 6
31 143 3
72 27 10
190 131 5
134 100 8
182 91 4
46 61 4
66 140 6
76 40 3
199 9 6
72 26 7
30 196 3
105 123 9
121 76 2
53 99 10
76 90 5
52 108 8
116 120 4
65 41 10
199 19 10
22 152 9
125 9 6
194 146 5
87 84 2
195 193 2
194 126 6
190 116 9
199 114 1
81 91 6
85 95 2
96 55 10
30 152 1
58 76 1
6 20 8
99 64 3
17 67 5
180 74 10
62 1 9
4 171 7
86 130 3
122 148 5
93 154 10
169 90 6
13 90 10
5 113 5
59 98 1
6 24 8
167 80 5
163 99 4
128 26 6
116 73 6
110 179 9
138 182 4
146 82 3
30 129 7
190 194 9
34 98 9
55 51 5
121 39 7
188 180 10
83 72 8
138 24 1
183 138 3
87 130 9
10 175 5
199 91 10
27 10 2
80 117 7
54 152 10
12 158 9
181 63 3
102 170 8
56 35 10
126 15 1
131 53 4
161 37 5
139 115 5
198 39 5
69 23 9
131 39 3
96 184 1
146 120 7
90 60 5
104 181 6
188 56 9
108 96 5
128 31 2
168 99 4
194 12 2
16 92 10
134 177 2
144 59 6
61 58 2
176 73 8
1 170 5
68 63 6
158 192 5
137 14 2
49 133 10
177 108 1
28 132 2
57 18 10
90 4 9
15 160 10
191 49 5
144 10 7
39 43 3
65 70 8
4 125 4
56 8 9
104 156 4
143 11 9
65 147 5
122 180 2
65 64 2
126 124 4
103 102 9
189 69 6
150 45 10
108 153 9
60 74 1
170 16 8
176 0 4
26 55 6
39 23 5
91 153 8
43 38 9
162 134 1
144 8 3
185 192 1
71 87 7
57 180 4
135 144 5
43 155 5
41 59 10
44 123 9
43 118 2
178 43 9
77 52 1
48 6 6
82 15 5
120 53 3
19 107 5
74 195 2
127 147 5
9 183 7
107 70 10
174 190 7
59 7 9
82 84 5
78 158 10
43 179 5
11 35 8
24 42 10
44 155 1
19 187 4
79 46 7
48 125 8
88 1 6
51 182 10
175 94 3
170 114 6
10 127 10
96 151 4
153 12 2
75 91 6
21 170 6
157 43 6
103 118 4
114 163 7
160 186 4
74 21 4
126 33 3
192 163 8
18 90 7
138 76 4
48 79 5
169 35 8
56 58 7
56 165 6
77 41 6
180 73 2
168 157 1
68 124 10
102 177 6
23 184 10
101 144 3
14 15 8
63 155 2
141 104 3
196 134 10
49 112 9
178 104 6
155 69 9
104 174 8
60 110 5
109 180 5
81 182 4
71 29 8
109 46 9
179 134 10
32 175 4
27 144 9
135 191 2
144 124 6
160 40 8
114 196 9
31 95 8
109 18 7
161 16 9
24 196 6
64 168 4
169 80 4
51 125 10
168 195 8
81 38 3
137 189 4
1 162 2
167 10 7
93 20 4
42 36 9
96 18 1
74 108 6
76 87 3
91 13 3
54 178 9
71 113 7
169 164 8
117 127 2
174 142 8
6 15 7
140 167 8
177 178 2
8 51 3
43 125 9
173 16 2
28 194 4
30 12 4
41 195 7
185 82 3
153 15 5
74 107 4
110 123 9
49 114 8
108 26 9
13 38 6
146 52 2
161 87 10
172 88 5
59 172 2
80 158 1
91 36 10
11 66 8
34 7 9
167 125 2
71 44 1
15 8 10
157 49 5
8 71 1
60 160 6
177 144 5
187 70 2
173 137 7
175 65 9
8 158 6
56 45 10
143 13 6
57 121 7
82 155 3
106 61 2
36 155 8
52 48 9
128 81 7
170 160 2
37 59 1
43 152 7
165 7 4
50 108 3
25 80 3
114 53 10
129 39 2
157 70 6
31 142 6
152 179 4
43 95 8
80 180 2
72 111 5
22 122 2
91 184 6
31 119 5
94 141 4
24 49 10
194 138 6
113 145 10
60 148 6
135 24 7
139 49 4
186 131 9
51 25 4
24 68 6
196 152 10
129 128 10
121 70 10
74 120 6
61 27 4
73 107 3
22 9 3
164 179 8
25 73 8
92 19 9
74 25 9
16 137 5
82 50 7
32 20 8
46 183 4
31 165 4
4 113 7
32 93 2
104 7 8
2 69 1
84 150 7
54 107 7
166 140 8
19 112 5
188 53 6
11 169 2
21 148 8
125 117 3
193 5 5
92 14 5
161 62 6
119 99 7
4 47 10
8 83 3
51 162 9
53 117 8
75 90 7
150 100 6
89 9 10
99 86 1
139 184 5
152 186 6
144 147 2
99 46 1
195 164 1
58 130 8
61 79 6
183 189 8
126 64 4
73 138 5
79 12 4
131 150 10
51 111 5
79 183 2
98 25 5
97 144 4
60 156 3
32 199 4
87 111 7
65 80 10
111 121 1
106 82 2
78 62 8
160 129 9
170 125 5
108 20 1
77 63 1
195 184 4
190 176 2
78 102 8
132 89 5
47 13 10
102 45 6
156 166 3
54 110 8
139 143 5
190 172 5
138 74 2
184 93 1
89 100 2
146 122 8
65 63 8
107 176 5
184 37 10
34 2 10
142 71 6
17 20 7
57 41 6
90 95 3
60 62 3
13 147 5
176 108 2
112 86 3
21 157 5
121 38 8
150 66 2
29 111 10
80 89 10
176 20 5
14 170 10
183 101 5
3 142 6
172 63 3
196 158 5
177 132 7
51 138 4
185 55 2
126 10 5
37 194 5
94 29 6
112 113 5
120 28 9
26 115 8
17 48 8
86 6 8
67 20 8
190 115 3
174 48 10
166 63 4
77 86 8
73 34 2
2 176 5
30 59 10
172 114 7
99 192 8
187 89 10
45 188 10
193 19 8
86 164 5
168 197 10
171 133 1
105 133 1
73 187 9
143 85 4
4 156 8
2 98 3
43 74 4
127 188 5
155 169 2
181 6 10
45 156 2
11 164 1
154 108 10
47 174 2
21 194 4
109 153 2
62 192 8
109 182 3
113 87 10
62 48 10
127 161 5
109 56 4
125 34 7
116 17 8
64 82 10
28 185 9
75 181 6
42 158 9
75 10 4
99 20 1
5 138 4
41 76 6
85 112 9
148 121 9
0 62 4
50 121 2
169 87 1
95 30 6
39 10 2
180 111 8
27 71 4
108 79 1
3 64 1
113 176 6
199 75 3
56 142 7
117 69 7
64 158 10
100 114 8
166 162 10
7 185 7
57 47 10
162 14 3
57 11 2
138 37 3
27 128 9
119 132 10
66 14 7
100 68 7
163 91 2
67 50 1
67 35 4
32 53 2
199 112 1
199 46 1
10 74 10
137 48 5
123 127 2
146 19 10
53 25 3
157 79 1
20 143 1
13 185 9
80 4 10
138 146 4
104 146 2
109 75 3
31 150 7
165 128 10
18 58 2
72 53 8
139 12 4
83 45 3
158 144 10
150 57 3
3 120 4
167 166 1
139 175 10
161 5 2
75 84 7
60 158 8
170 73 10
148 86 4
111 189 9
152 66 2
82 190 10
184 165 7
51 187 1
168 105 3
3 83 7
197 152 10
129 9 4
75 105 4
31 134 6
102 86 2
32 174 1
53 162 7
176 4 3
120 78 7
20 173 10
170 120 9
68 189 7
0 107 1
54 19 2
79 34 10
162 100 5
109 40 10
135 43 2
159 43 10
24 100 7
151 8 7
116 169 9
114 40 3
0 171 8
165 50 1
25 168 8
123 148 4
9 103 10
135 120 6
94 187 1
163 151 5
114 194 1
133 149 1
141 5 10
116 34 2
91 67 2
96 170 1
113 1 6
4 56 7
90 186 9
72 76 9
82 61 3
53 143 5
12 70 10
97 44 10
174 54 10
125 147 10
134 167 9
160 91 2
176 5 9
44 0 5
55 199 7
84 1 9
23 76 7
16 55 2
72 116 5
52 81 3
139 31 1
198 84 6
104 117 6
112 108 4
43 56 4
191 148 8
53 191 6
25 96 10
175 178 5
148 83 3
95 100 5
80 113 8
195 157 3
93 95 9
131 108 5
95 172 4
8 30 9
36 137 6
72 23 2
5 51 8
11 45 7
186 169 2
28 91 10
46 157 2
45 91 5
138 152 4
140 102 8
169 175 10
92 31 10
75 32 1
182 44 8
21 154 10
116 137 6
8 120 2
89 61 8
74 89 10
130 15 8
7 139 9
124 131 7
34 5 1
102 150 1
80 152 7
189 61 2
80 198 1
18 166 3
174 152 7
80 188 2
95 60 4
31 196 3
171 177 6
195 103 10
117 196 10
10 153 8
43 89 3
188 177 10
71 4 6
191 50 3
104 59 5
191 114 6
165 131 1
8 187 9
79 39 8
37 3 8
31 135 1
66 93 2
194 4 1
133 125 6
182 27 4
180 129 2
174 171 8
83 99 6
88 139 7
166 46 3
11 29 6
68 23 6
84 170 5
141 113 9
39 93 2
183 64 6
179 75 6
126 163 3
176 120 6
51 188 2
146 79 6
93 133 7
66 8 2
195 65 7
102 128 2
47 160 3
30 7 2
101 119 2
49 62 2
128 119 4
39 27 9
166 157 6
25 157 4
3 193 2
90 10 8
140 199 2
156 1 5
113 69 6
169 8 5
9 4 10
44 5 2
184 164 9
191 193 10
15 5 10
126 36 5
94 164 8
44 15 9
125 196 9
78 184 1
117 15 6
10 194 10
83 56 10
149 117 5
34 25 8
164 138 5
96 74 2
78 108 5
58 25 3
54 162 1
51 61 1
35 89 3
114 63 2
107 81 5
55 188 2
122 92 4
124 31 4
72 157 1
77 27 4
16 81 2
111 14 8
186 67 10
53 3 7
195 96 3
126 100 3
7 90 1
24 154 9
117 59 9
69 190 1
6 189 5
197 137 6
123 8 6
36 116 7
197 2 2
147 80 4
187 4 5
52 6 1
136 199 4
186 56 4
108 194 10
28 142 2
163 115 5
68 32 9
79 99 7
6 77 7
17 32 2
189 104 5
157 149 9
28 137 2
162 150 1
117 9 2
119 182 8
192 51 1
125 39 4
80 63 2
176 14 10
90 103 3
124 192 7
120 190 1
104 164 2
80 7 10
146 118 5
145 57 3
70 37 1
123 4 10
41 179 1
182 12 10
170 87 7
186 162 4
132 161 2
104 54 10
4 13 5
81 131 7
74 197 3
138 189 6
30 54 4
0 93 5
38 195 6
185 156 1
182 150 8
105 111 5
137 97 8
137 8 3
167 197 9
98 95 10
53 0 7
15 127 1
100 27 10
77 198 10
99 28 9
133 61 9
57 103 10
50 186 6
54 23 2
157 67 9
101 42 1
148 196 1
126 24 10
193 84 8
37 170 7
106 148 3
86 68 8
195 111 8
4 165 4
137 50 8
74 194 9
73 166 4
138 177 8
16 131 4
58 102 10
123 107 5
71 176 3
26 138 8
34 176 7
22 97 8
80 88 6
198 97 3
78 119 5
80 164 10
157 11 4
171 23 8
136 27 8
189 20 5
104 97 4
140 21 9
79 199 1
75 7 7
65 42 4
131 2 6
189 100 5
48 117 1
130 174 5
62 80 5
26 160 6
8 11 6
177 100 6
5 27 8
74 143 1
133 196 4
97 28 1
112 193 5
167 169 2
16 8 2
119 53 1
23 16 3
30 199 8
139 147 10
178 143 5
10 118 7
199 188 1
57 115 8
110 128 1
143 58 8
73 146 5
163 70 7
107 147 1
97 152 6
54 35 5
127 47 8
24 92 6
197 8 7
81 42 7
78 101 2
105 107 6
80 41 7
13 125 6
1 137 2
77 185 7
155 28 5
152 14 1
52 149 5
137 128 1
68 34 1
176 140 4
194 118 9
96 8 1
112 10 9
98 166 8
177 74 5
111 49 2
143 155 2
191 17 10
2 84 8
180 104 3
33 177 7
63 194 8
192 175 9
95 20 2
63 76 6
164 188 5
13 136 6
35 141 3
159 192 3
98 89 1
131 58 1
75 178 4
162 91 6
190 6 7
44 7 4
42 0 10
96 157 4
44 66 5
21 155 9
0 94 10
113 62 10
186 13 2
33 183 9
92 160 5
121 167 7
126 166 4
52 128 7
118 142 4
156 43 1
190 32 6
149 181 7
3 90 1
160 8 7
91 170 7
119 104 6
90 191 8
166 54 10
102 62 3
199 154 9
133 57 6
139 51 1
49 77 8
82 159 5
72 192 10
100 148 5
120 46 3
143 62 1
160 136 2
148 146 6
24 179 2
43 49 3
162 64 1
0 70 2
16 45 2
91 8 3
84 102 7
166 168 3
34 123 1
113 82 8
142 85 2
104 30 6
181 61 5
169 85 7
93 14 5
44 114 7
62 43 2
102 70 9
40 83 3
76 183 5
148 11 9
25 32 8
119 133 4
65 92 7
37 25 7
106 31 4
3 172 2
68 110 6
106 137 3
8 186 7
143 38 10
34 80 6
46 84 5
130 45 8
109 130 4
181 178 1
184 146 6
187 176 2
90 17 4
109 127 8
86 173 5
54 132 3
72 184 8
197 12 8
59 49 9
187 194 9
184 186 1
18 193 9
69 176 7
104 130 5
64 187 3
110 102 1
85 99 2
177 175 1
96 3 3
193 156 3
113 20 3
178 100 10
53 59 1
20 86 7
181 1 5
29 21 1
37 163 8
150 158 5
120 127 3
103 2 4
86 30 10
114 156 9
166 59 1
24 9 4
97 38 7
63 127 1
21 108 7
58 148 7
144 131 9
138 104 5
0 182 10
2 14 7
189 119 9
7 27 2
89 143 6
180 21 7
151 148 9
194 87 3
140 3 8
186 71 6
131 101 10
79 148 3
196 175 3
40 20 7
179 199 6
56 93 7
22 65 3
4 24 10
118 158 7
36 102 1
54 84 5
155 151 6
180 67 1
107 106 3
83 19 4
183 148 10
124 58 5
127 76 6
80 92 2
180 63 2
156 82 4
101 127 3
129 196 1
192 98 6
164 173 8
161 44 10
135 185 6
120 143 1
101 136 1
124 42 10
57 59 2
65 176 1
167 56 1
118 41 6
130 177 10
54 29 7
70 154 10
80 50 2
131 28 10
28 71 9
114 15 4
31 51 1
29 143 7
181 83 4
132 21 9
111 113 5
126 148 4
163 14 7
179 73 2
139 123 9
139 67 5
94 7 6
107 108 6
167 67 9
35 170 1
126 153 1
9 152 1
184 131 1
102 106 7
171 150 4
91 137 5
80 157 3
83 121 10
180 144 1
76 67 6
169 191 9
0 68 4
124 130 1
153 56 8
82 25 4
198 70 6
66 52 7
117 141 10
111 68 8
90 118 9
54 133 1
76 117 1
49 197 10
120 163 5
10 53 4
59 197 5
71 85 3
58 183 3
130 126 1
54 76 5
115 4 5
117 150 1
114 193 10
20 112 5
198 55 5
117 81 10
46 172 3
197 61 4
64 24 7
66 112 10
22 59 8
139 85 6
199 3 10
163 96 6
33 98 7
169 112 2
164 103 5
74 19 1
168 189 2
85 63 2
85 96 8
47 74 4
157 86 8
11 107 8
8 141 2
81 181 8
16 191 2
17 36 4
123 137 10
96 1 7
93 196 8
180 159 5
116 37 8
30 80 8
199 134 4
65 14 6
142 90 1
184 122 9
191 137 2
80 108 2
110 74 3
195 98 10
105 65 4
167 91 4
72 144 8
129 73 6
149 145 1
118 21 8
49 120 2
112 183 5
94 126 1
27 8 10
70 52 1
67 88 10
94 163 5
121 177 1
94 152 1
43 190 3
115 157 3
48 47 8
123 21 9
166 124 5
44 189 5
30 76 3
38 5 2
175 53 10
151 59 10
107 69 7
154 111 2
102 112 7
161 183 5
189 175 7
172 110 4
103 17 6
165 196 10
143 196 9
57 165 1
41 82 1
33 97 3
148 14 7
100 184 10
136 125 10
167 15 10
82 117 6
111 147 1
70 3 3
161 82 2
170 48 9
117 175 8
79 15 7
140 12 6
113 194 1
85 124 1
6 65 8
15 104 6
160 144 3
49 131 9
143 84 4
172 75 7
0 169 4
189 32 3
7 137 2
82 71 6
115 119 10
118 87 4
9 10 5
194 152 10
67 114 2
24 124 9
131 64 3
41 29 4
193 103 3
22 194 4
171 106 9
133 4 2
138 21 5
165 38 8
172 64 10
199 82 8
104 89 6
65 2 6
14 53 7
58 50 5
134 143 2
160 167 10
56 160 8
63 132 8
132 115 6
77 35 9
33 75 1
36 34 9
137 20 4
33 117 10
162 188 2
27 196 8
100 38 8
130 132 8
157 113 7
175 107 3
160 9 8
101 23 4
63 44 3
136 82 8
50 72 7
31 144 3
158 111 3
148 112 7
42 23 2
93 112 6
121 14 10
22 196 3
166 55 6
4 155 7
156 118 5
143 100 9
171 102 4
98 22 1
181 145 5
114 30 5
98 165 8
124 59 4
32 173 5
187 48 7
5 97 4
72 143 4
46 191 1
40 16 10
28 83 10
131 75 4
64 12 10
23 11 4
0 86 9
67 145 8
15 64 3
122 68 2
75 174 1
177 179 10
121 98 8
46 50 6
69 148 3
133 31 5
27 44 5
179 144 2
63 112 3
33 99 2
171 79 8
13 133 3
56 162 5
14 4 9
131 189 4
84 5 9
3 38 1
37 2 10
85 93 5
96 194 4
124 178 9
177 63 7
178 131 9
187 114 2
191 181 10
45 82 5
53 77 9
178 197 4
170 106 10
17 194 5
47 195 4
181 197 5
78 43 4
61 50 3
125 53 1
101 27 1
127 108 2
54 183 10
41 27 3
64 105 2
34 9 7
178 106 2
60 55 4
181 162 2
135 20 10
102 199 6
163 60 3
179 176 1
115 138 6
70 44 7
85 106 1
39 114 3
132 90 4
107 78 6
154 124 4
9 114 1
65 148 7
85 13 10
129 162 6
95 81 3
65 26 1
89 50 4
128 170 6
90 157 9
135 26 10
121 195 1
166 8 2
116 113 7
177 190 1
136 197 2
86 138 4
28 186 10
42 82 1
134 108 6
186 72 4
8 23 4
97 119 9
2 102 1
40 47 4
131 68 2
136 5 2
10 86 6
78 197 8
197 129 2
17 129 1
74 114 2
13 105 2
140 150 1
61 171 7
144 50 1
167 2 7
43 127 5
57 85 9
101 72 7
118 61 5
167 183 10
162 140 2
151 80 5
114 32 7
122 102 6
130 27 3
150 3 3
145 75 6
75 135 4
74 124 8
39 154 1
25 62 8
45 25 6
52 164 2
147 54 4
47 42 6
62 109 1
194 59 9
96 153 9
31 168 5
46 72 9
3 135 8
133 83 10
165 160 10
187 56 9
148 167 9
48 86 3
183 17 5
25 106 10
58 159 7
146 187 9
55 1 10
49 122 9
138 97 10
154 11 10
65 18 6
80 2 1
119 180 2
151 118 6
105 181 10
179 86 2
7 9 8
67 18 8
3 35 8
95 185 8
33 197 1
150 79 1
104 183 9
86 143 9
138 64 3
93 33 8
139 36 2
135 23 10
18 150 6
39 20 6
49 21 6
37 128 3
58 94 8
172 182 3
11 58 2
164 180 5
62 180 8
192 61 10
192 178 4
15 109 4
8 17 7
101 51 5
159 51 6
29 162 8
42 68 4
1 104 9
66 122 9
68 168 6
77 145 5
139 194 3
140 38 1
71 150 4
95 10 10
12 7 5
195 15 3
150 130 9
48 102 9
124 51 3
117 38 8
114 68 10
180 0 4
68 166 8
38 129 9
116 152 5
23 179 1
100 135 7
29 180 2
66 22 8
139 60 2
193 34 5
81 166 10
197 22 6
123 146 8
61 199 7
75 50 2
10 15 3
171 74 10
153 69 10
74 34 2
19 94 10
92 148 6
101 141 1
58 164 2
114 62 8
45 128 3
81 133 3
135 142 9
116 153 3
75 42 2
145 37 2
31 121 6
63 19 9
41 133 3
142 191 5
71 64 1
77 131 5
117 43 10
101 91 9
58 73 5
145 117 10
183 124 10
157 101 10
52 26 10
89 142 5
198 185 8
143 7 2
90 133 4
99 1 2
16 91 8
145 182 1
3 149 5
185 31 9
116 188 8
53 159 7
108 125 7
113 0 1
50 173 4
95 78 9
78 160 5
103 82 4
158 124 10
161 180 5
148 51 3
3 175 3
38 53 8
74 61 8
28 77 7
65 23 7
46 74 9
158 27 2
131 116 3
34 61 2
138 179 10
115 112 9
47 162 1
191 43 10
61 47 4
69 85 2
166 131 10
71 112 7
126 70 4
5 19 4
113 84 2
83 112 8
141 27 1
159 2 2
61 72 10
92 108 9
74 75 8
126 23 3
32 66 1
184 160 4
195 186 1
172 101 4
155 190 10
192 38 7
14 64 4
187 22 2
117 116 10
116 53 5
146 98 7
53 187 7
153 178 1
106 33 3
70 58 10
49 199 3
126 192 6
109 39 6
16 122 7
111 112 3
192 43 7
71 138 3
169 95 7
148 7 7
55 171 10
6 176 8
49 192 3
197 154 5
76 105 9
30 135 9
107 170 6
145 144 3
38 183 6
27 194 6
21 160 7
55 24 4
5 162 7
28 74 8
119 196 10
56 84 1
168 36 7
189 172 5
194 125 2
74 29 8
152 89 6
141 29 5
16 2 5
62 61 1
102 176 6
191 143 1
38 75 9
161 126 2
6 183 2
91 120 6
23 109 7
125 0 5
164 62 5
56 50 2
152 5 4
183 187 2
150 165 9
12 69 8
64 122 5
123 150 9
88 76 7
51 56 6
174 159 4
59 110 9
1 57 6
143 54 6
116 167 10
47 88 3
44 140 4
91 74 1
40 3 6
1 89 1
91 196 1
104 85 5
0 166 6
176 54 9
179 7 6
73 190 7
11 155 8
122 33 7
14 41 5
17 95 2
96 22 7
192 112 5
76 18 3
90 179 5
169 86 8
23 85 9
69 58 5
48 33 5
170 151 5
138 112 8
61 153 2
69 162 9
101 100 1
178 126 7
63 6 5
97 179 6
42 89 10
174 96 7
102 146 7
64 36 2
10 111 2
34 47 9
43 168 5
160 131 2
177 181 6
161 59 10
11 2 1
24 133 4
121 153 6
85 187 5
35 173 2
112 182 1
107 114 8
59 75 1
146 13 2
156 117 4
95 168 4
4 73 7
111 140 2
166 99 8
142 102 2
135 50 3
143 51 10
198 188 3
148 131 9
45 6 7
16 34 4
56 121 3
152 2 3
76 39 2
23 67 8
103 84 10
52 119 1
139 158 7
120 6 2
184 5 10
48 69 9
182 57 3
11 141 7
185 0 9
76 131 8
163 33 6
47 125 6
70 138 4
199 4 1
81 153 7
196 111 4
132 118 5
170 30 6
27 112 3
65 129 6
46 19 1
5 153 4
195 75 8
185 98 8
61 15 6
142 48 9
148 156 1
1 133 6
85 170 7
6 174 9
118 14 1
13 76 6
153 198 1
174 154 7
3 36 3
170 31 7
196 43 7
118 177 2
37 40 7
70 5 1
188 76 2
17 18 2
109 140 10
155 60 2
182 102 5
130 60 7
37 53 8
35 65 3
184 185 6
175 157 3
91 51 2
151 130 1
103 29 2
117 190 8
160 77 5
18 115 9
175 83 2
183 87 8
114 97 6
31 98 1
13 162 3
42 15 5
26 95 7
119 11 5
19 34 7
136 20 10
187 112 4
60 111 7
110 121 2
79 103 3
142 39 8
23 6 3
31 100 7
9 36 8
176 23 2
158 184 7
163 176 3
147 86 8
172 96 2
77 137 3
18 49 5
29 165 7
34 52 9
188 14 1
138 171 3
99 117 3
51 85 4
53 140 1
61 11 10
39 177 5
52 69 10
199 183 3
52 176 8
52 182 6
57 32 6
68 22 8
198 16 5
184 161 5
173 145 2
74 136 5
98 135 2
87 199 10
158 56 8
98 36 8
170 27 8
8 199 1
34 90 6
110 161 3
94 57 1
183 111 2
77 109 10
196 197 3
102 98 5
54 68 8
88 155 8
168 107 3
51 44 1
106 156 4
120 142 4
16 146 2
153 100 10
70 111 10
195 71 4
91 128 5
58 168 5
16 4 1
107 5 3
151 101 4
51 150 4
178 85 2
94 192 1
14 107 9
174 180 7
50 37 1
121 16 9
177 95 4
41 151 10
169 190 7
173 8 9
112 57 2
69 142 3
113 192 3
131 43 7
80 189 10
3 20 4
50 179 1
91 9 6
141 175 5
75 72 2
124 193 4
112 176 1
158 181 10
87 103 5
107 71 5
196 124 5
54 151 9
105 25 7
136 155 6
192 138 9
44 48 3
145 101 3
115 100 3
169 89 6
40 129 1
22 158 10
130 119 8
99 154 6
129 127 5
116 183 9
163 109 8
72 134 5
149 2 10
141 45 9
80 46 8
21 105 6
188 99 9
142 8 10
146 106 5
174 55 10
157 117 9
51 79 8
116 160 7
146 147 1
90 111 2
190 197 8
3 2 10
133 147 4
108 86 5
71 93 1
21 39 10
114 177 1
104 91 6
70 53 4
25 102 8
57 45 3
63 16 2
81 69 2
174 199 8
164 74 9
88 60 3
48 128 7
21 56 6
38 46 3
161 34 7
48 73 6
31 86 7
84 115 8
186 166 4
142 20 5
15 26 7
101 154 1
179 149 7
198 138 4
141 166 9
145 183 8
7 141 4
143 138 2
51 62 6
174 195 7
52 42 4
58 110 7
187 129 10
155 173 6
89 65 3
123 90 3
33 53 3
64 16 3
81 178 10
66 72 5
51 114 7
182 30 6
187 80 8
75 142 8
198 12 3
98 1 2
130 191 4
179 91 9
17 42 3
141 33 8
115 90 7
30 29 5
137 61 4
115 60 3
9 76 7
157 32 4
124 99 3
196 54 6
103 65 5
130 83 8
169 170 1
46 168 3
102 155 10
15 39 10
134 173 4
30 52 2
133 107 6
181 135 7
196 28 8
178 96 2
34 92 9
148 165 7
41 107 1
150 23 6
40 64 10
153 139 4
191 3 8
138 60 8
17 138 8
109 110 4
40 50 6
135 19 6
95 63 5
120 175 8
76 129 7
174 64 8
198 36 9
103 75 8
77 104 3
199 115 7
37 71 3
153 136 8
123 12 4
97 65 10
70 64 5
33 32 6
21 187 4
116 98 1
49 187 2
58 180 7
178 21 6
52 29 6
99 171 6
105 115 7
11 142 2
3 84 10
167 78 3
17 174 6
142 0 5
152 99 9
16 59 1
122 84 9
58 21 10
165 36 4
96 2 5
141 46 1
55 5 3
83 141 4
125 57 6
133 103 2
13 188 7
139 124 6
190 147 7
156 58 4
95 159 2
76 62 10
78 29 9
52 68 2
83 196 8
56 159 2
19 26 7
174 193 1
10 174 6
22 24 10
15 137 3
98 152 1
110 156 10
187 171 7
112 186 1
168 172 10
76 15 6
158 58 3
23 84 4
12 98 6
70 81 2
125 16 7
37 54 6
190 198 9
79 196 7
45 153 10
15 134 1
13 172 6
113 2 8
184 172 3
30 90 1
177 195 10
151 39 9
24 156 5
120 26 6
145 193 5
96 54 4
37 118 6
3 68 10
0 41 5
63 140 6
154 109 5
153 35 7
174 69 10
172 124 5
153 105 5
154 58 7
176 13 1
138 135 3
16 176 6
106 135 5
93 193 9
29 53 8
10 124 4
43 14 2
20 187 3
177 62 9
52 107 4
82 180 9
184 84 5
92 173 6
117 77 4
110 88 5
108 53 2
166 177 9
61 105 9
9 85 9
165 65 1
171 81 5
94 109 2
149 147 5
11 189 1
124 121 6
56 128 4
61 17 4
126 59 4
64 72 7
12 62 2
112 69 5
185 52 3
165 107 5
191 156 1
160 139 8
4 85 3
124 153 8
55 4 6
14 80 1
142 61 1
59 146 1
62 4 9
175 135 8
36 134 3
10 122 3
153 146 2
179 38 3
73 169 2
166 14 5
14 149 6
121 73 6
0 101 2
187 116 7
8 31 4
109 100 2
39 49 2
65 190 7
65 5 8
106 92 10
24 112 2
95 88 3
29 127 2
83 85 6
114 198 6
148 89 7
190 139 5
54 59 1
10 20 6
6 158 2
152 142 5
162 9 10
194 66 8
97 68 6
26 150 9
135 93 3
160 52 6
127 155 7
96 72 8
104 149 7
126 154 10
149 34 3
31 18 8
56 101 8
189 160 10
172 41 7
130 106 5
128 76 6
164 155 7
158 52 5
136 39 6
136 186 6
176 87 6
43 51 4
38 182 1
32 119 6
199 150 10
103 96 2
31 52 4
104 159 4
134 112 10
1 160 10
144 75 9
73 101 2
96 11 7
79 101 10
166 88 10
40 52 3
91 110 5
142 145 9
45 59 3
9 108 6
57 161 2
37 36 6
130 11 9
59 186 5
157 78 5
85 89 9
143 48 2
144 173 8
71 5 1
96 198 6
99 87 6
22 79 8
37 108 4
139 165 2
47 198 10
29 147 6
25 158 6
63 12 1
52 138 4
119 131 3
98 190 4
96 9 1
92 54 8
199 85 10
177 23 5
47 64 2
169 52 8
29 70 10
59 163 9
74 40 10
176 95 2
26 127 10
37 76 8
108 90 9
170 36 10
25 84 3
15 93 5
105 190 5
43 42 10
31 179 1
5 129 5
86 33 8
95 16 8
89 130 5
59 9 4
111 25 4
80 183 7
22 73 5
73 98 7
103 140 3
109 64 2
63 183 8
176 37 3
124 135 7
99 179 1
169 185 2
170 33 1
117 24 4
106 65 7
131 120 6
47 21 7
165 79 5
198 30 2
142 96 5
156 133 5
135 174 8
88 58 5
48 106 10
189 188 8
55 71 4
73 66 1
110 146 4
103 178 3
36 156 2
7 155 1
17 35 10
168 198 10
143 158 6
74 126 9
130 80 10
61 111 8
140 171 6
18 11 8
6 117 5
95 82 4
149 40 5
193 131 6
157 77 8
65 160 5
198 7 9
197 134 4
144 185 1
173 114 1
111 38 4
186 3 2
76 33 1
77 175 10
6 74 9
181 125 6
31 61 8
114 154 8
45 104 5
37 89 6
64 121 7
187 37 8
5 149 7
143 80 6
110 40 4
59 78 7
71 109 5
42 105 9
75 156 9
119 173 4
152 42 3
118 144 1
157 88 10
6 105 10
142 166 3
95 106 1
98 169 8
183 176 8
75 170 5
63 42 5
109 24 1
34 163 9
159 84 9
148 30 3
196 56 7
8 5 1
25 138 2
63 47 3
56 25 8
138 41 3
27 9 10
145 96 2
182 92 1
146 74 8
4 117 4
115 137 4
42 106 3
15 187 9
162 137 7
167 159 6
3 59 10
178 51 2
176 146 4
173 6 1
122 70 1
163 88 2
79 72 9
60 75 10
153 52 9
132 162 9
29 50 8
153 95 2
155 189 6
193 175 6
189 96 1
62 195 10
56 130 2
7 134 10
45 134 10
52 178 6
129 12 9
185 146 9
102 57 5
62 184 2
148 63 1
177 31 7
155 196 8
75 8 1
2 134 6
189 177 6
153 127 8
4 131 5
179 131 6
138 136 4
79 155 3
157 110 4
127 183 4
19 142 7
7 85 7
162 28 4
55 168 9
104 116 4
116 82 5
102 120 9
197 138 8
177 136 5
38 27 6
157 161 7
175 95 3
95 107 7
147 40 9
77 36 6
80 172 7
188 82 4
53 17 1
87 191 8
134 126 2
32 80 3
150 163 7
118 130 2
3 143 3
27 95 1
46 86 7
45 154 1
55 68 7
165 199 8
196 77 1
180 72 4
58 97 8
27 142 8
152 85 7
120 106 9
23 180 4
171 44 9
180 107 10
115 56 4
59 82 7
145 70 9
164 48 7
122 172 8
76 86 7
83 140 7
197 0 8
30 190 9
91 24 7
130 17 6
38 44 10
31 152 8
175 186 9
69 191 2
130 20 7
188 84 6
123 65 2
180 48 3
9 149 4
193 118 4
105 59 1
33 130 9
72 18 10
198 155 4
68 48 9
91 106 2
127 164 1
9 184 3
147 195 6
147 178 4
86 50 7
148 52 8
90 24 3
9 21 6
5 182 3
35 34 10
73 42 8
7 36 10
23 149 3
141 154 10
189 133 2
69 10 1
18 178 9
71 171 6
150 169 3
111 170 2
197 146 5
102 51 4
9 38 6
39 122 1
163 66 9
118 73 8
35 182 8
171 127 2
8 65 3
126 49 5
166 150 7
18 51 3
38 101 8
29 178 9
99 133 9
12 18 8
19 195 8
167 179 5
128 145 4
118 31 6
62 55 9
81 45 5
57 106 1
179 159 7
34 115 9
38 139 1
20 154 7
97 175 9
128 158 1
40 176 10
102 132 10
167 194 10
97 192 2
42 148 9
135 29 2
188 147 6
116 24 7
195 119 8
196 190 5
132 39 5
170 117 8
51 71 2
55 22 5
29 174 3
153 117 5
159 153 3
88 42 6
145 32 3
106 122 9
148 75 5
142 155 5
92 112 5
105 137 5
96 33 1
54 50 1
118 191 8
148 190 7
74 17 10
169 193 6
195 150 7
134 193 5
89 156 9
187 160 6
12 142 4
181 37 7
181 80 9
54 81 6
111 176 5
27 91 7
54 24 5
97 49 7
20 26 5
119 22 10
185 80 4
197 191 5
20 64 6
64 37 9
120 109 4
46 134 9
53 163 3
144 197 7
193 40 3
137 167 8
59 76 8
177 46 2
44 185 9
184 87 7
173 91 9
143 165 4
13 96 1
38 136 8
52 114 2
9 69 3
170 115 2
115 78 7
169 128 4
34 196 3
99 6 1
49 118 3
102 8 7
28 193 6
185 107 8
142 22 3
28 105 9
73 85 9
57 142 9
28 164 3
7 108 9
69 125 3
76 3 7
37 5 1
185 29 1
172 54 4
122 71 4
98 19 7
47 75 5
3 184 2
130 73 2
102 166 5
185 189 8
145 74 6
199 190 7
121 134 4
122 20 4
83 138 4
103 113 4
177 93 6
135 141 1
174 182 10
26 44 7
124 25 10
186 48 1
40 106 5
189 196 5
59 156 8
144 9 9
134 54 2
97 72 7
8 63 3
6 66 10
117 180 9
34 84 2
197 14 3
180 98 6
196 98 6
95 118 2
45 108 6
184 177 3
91 166 1
19 97 10
166 112 5
115 37 2
18 79 2
131 149 3
153 38 9
139 162 8
113 132 5
27 183 6
178 138 7
10 44 4
56 18 3
190 0 2
91 129 10
43 126 7
188 17 10
62 147 6
20 69 9
1 38 4
128 192 4
134 152 9
121 86 6
42 1 6
194 147 1
133 188 9
187 196 3
136 76 7
67 109 6
149 15 5
113 171 6
104 50 5
56 7 9
37 148 9
68 136 7
185 70 6
184 74 4
90 195 9
105 110 1
57 17 10
36 94 8
173 157 2
45 30 6
159 92 5
161 103 6
42 57 7
55 181 6
128 61 1
135 187 1
139 2 10
125 164 4
8 127 10
129 101 5
188 115 1
94 179 3
165 91 10
188 171 1
133 65 2
30 137 4
17 169 6
43 104 10
168 90 10
30 138 7
183 29 3
146 169 6
186 4 8
113 104 7
196 104 8
187 166 3
114 20 9
53 45 8
146 38 3
49 20 9
113 122 8
124 40 7
176 28 3
181 50 9
38 36 7
149 61 4
1 187 10
163 147 2
125 180 4
119 76 6
104 38 5
72 67 4
129 57 8
59 99 4
66 188 5
25 101 10
169 83 8
83 12 10
45 136 1
113 118 3
28 114 10
60 82 5
107 192 4
56 47 1
133 158 10
178 86 4
151 30 6
149 127 3
24 78 3
170 65 5
130 21 8
180 158 8
199 16 3
188 8 5
85 20 7
14 123 4
5 2 8
132 51 10
20 166 10
80 58 1
71 159 1
94 121 5
56 66 2
112 15 10
156 23 5
188 44 8
58 96 1
175 75 4
66 165 4
35 80 4
106 70 8
39 86 3
159 112 5
123 152 7
196 192 6
16 37 9
122 90 1
27 150 5
148 105 2
46 151 8
55 191 8
50 199 2
61 147 3
69 70 3
123 13 5
178 156 3
86 92 1
88 33 10
117 70 1
143 82 8
99 141 4
154 139 10
174 61 4
159 111 6
190 110 2
92 121 7
98 5 9
194 166 6
182 66 7
179 4 8
131 137 6
107 127 4
139 63 4
29 58 2
54 100 2
172 73 2
41 52 9
17 82 7
182 3 3
28 78 8
28 145 1
178 36 2
163 81 9
90 178 9
15 24 6
128 100 5
37 165 10
140 70 6
21 72 3
74 179 7
63 3 1
126 122 8
151 20 8
13 152 1
127 163 5
30 77 6
60 197 7
196 7 7
59 39 5
33 109 9
192 24 8
159 166 1
115 92 4
198 46 7
52 142 10
69 100 2
139 97 10
56 182 2
159 79 5
135 47 9
81 104 2
166 65 7
168 59 10
96 19 5
141 187 4
130 9 4
138 159 1
118 170 1
120 137 1
182 175 10
69 13 6
194 193 1
70 167 8
156 103 4
122 29 1
125 72 7
156 125 9
173 21 7
78 127 7
21 5 2
194 192 10
100 57 6
99 7 4
86 26 6
86 71 1
94 183 10
39 2 9
121 21 9
132 134 9
167 5 4
25 49 7
131 5 7
