4 400 8000
0 1 6
1 2 4
1 3 4
2 4 4
2 5 2
2 6 4
6 7 8
4 8 8
3 9 4
8 10 4
1 11 9
3 12 3
7 13 8
6 14 2
4 15 3
3 16 6
5 17 2
16 18 9
5 19 5
6 20 1
6 21 8
13 22 3
14 23 4
7 24 1
23 25 6
2 26 6
9 27 4
22 28 1
6 29 9
8 30 7
15 31 7
25 32 6
9 33 8
5 34 2
16 35 8
1 36 6
3 37 9
32 38 10
24 39 2
33 40 2
17 41 6
30 42 5
25 43 2
39 44 1
12 45 10
25 46 3
29 47 10
6 48 3
42 49 4
38 50 2
45 51 1
28 52 5
17 53 2
15 54 2
10 55 10
39 56 10
31 57 3
18 58 5
56 59 4
24 60 6
31 61 1
38 62 7
5 63 10
57 64 8
60 65 4
54 66 3
11 67 2
45 68 9
47 69 8
52 70 6
58 71 7
44 72 3
31 73 5
68 74 10
42 75 1
54 76 4
6 77 10
18 78 4
20 79 1
66 80 9
17 81 6
24 82 4
12 83 5
1 84 8
68 85 3
0 86 5
2 87 8
37 88 5
63 89 10
0 90 6
89 91 4
21 92 1
47 93 2
31 94 8
36 95 4
55 96 2
20 97 10
78 98 10
79 99 10
91 100 2
12 101 3
67 102 10
22 103 3
54 104 9
101 105 1
45 106 1
38 107 4
41 108 1
32 109 1
29 110 4
9 111 7
53 112 7
65 113 9
16 114 10
73 115 1
65 116 3
91 117 8
92 118 8
38 119 3
59 120 4
34 121 4
86 122 4
118 123 9
85 124 4
0 125 7
75 126 9
102 127 4
9 128 9
108 129 7
45 130 7
25 131 6
73 132 5
34 133 10
86 134 5
27 135 1
80 136 6
99 137 5
36 138 9
54 139 3
10 140 10
39 141 3
34 142 7
21 143 4
31 144 10
17 145 10
8 146 6
145 147 6
144 148 3
37 149 4
3 150 6
108 151 6
136 152 8
79 153 5
109 154 3
96 155 1
64 156 4
52 157 7
135 158 3
115 159 6
19 160 4
32 161 3
157 162 3
74 163 5
10 164 3
140 165 2
58 166 2
90 167 2
64 168 6
92 169 10
149 170 1
141 171 5
107 172 6
92 173 3
46 174 6
128 175 10
33 176 5
137 177 2
91 178 3
25 179 3
159 180 10
93 181 6
155 182 1
105 183 4
156 184 6
141 185 8
77 186 5
135 187 7
86 188 4
19 189 4
63 190 7
168 191 3
92 192 5
146 193 10
125 194 5
121 195 1
86 196 7
134 197 5
0 198 6
25 199 3
16 200 2
42 201 6
86 202 10
65 203 5
203 204 8
180 205 10
201 206 5
52 207 4
169 208 7
139 209 3
23 210 6
126 211 6
88 212 1
17 213 3
191 214 9
143 215 7
40 216 7
71 217 10
153 218 6
142 219 1
60 220 2
102 221 5
167 222 9
82 223 4
204 224 4
106 225 5
175 226 3
206 227 8
65 228 9
107 229 2
62 230 2
19 231 3
95 232 7
91 233 6
8 234 9
50 235 7
66 236 7
119 237 7
222 238 6
60 239 10
121 240 4
121 241 8
22 242 7
212 243 8
157 244 5
238 245 5
1 246 2
164 247 2
226 248 8
34 249 2
155 250 5
213 251 9
124 252 7
237 253 5
244 254 2
190 255 2
200 256 7
151 257 8
227 258 10
200 259 1
152 260 8
166 261 4
191 262 2
13 263 6
5 264 6
90 265 9
87 266 6
148 267 4
252 268 4
179 269 10
247 270 2
17 271 5
175 272 1
61 273 8
156 274 1
197 275 8
109 276 4
274 277 3
103 278 8
243 279 6
180 280 3
122 281 9
87 282 1
199 283 3
120 284 4
79 285 1
9 286 1
61 287 7
194 288 7
69 289 5
152 290 7
14 291 8
61 292 1
46 293 3
212 294 6
63 295 5
130 296 2
227 297 8
283 298 10
282 299 7
97 300 3
202 301 4
51 302 4
111 303 9
221 304 3
192 305 1
182 306 6
265 307 9
56 308 8
194 309 10
46 310 6
77 311 1
292 312 3
162 313 9
111 314 6
208 315 10
47 316 5
175 317 1
235 318 6
287 319 4
135 320 4
188 321 6
320 322 6
231 323 5
26 324 3
106 325 2
185 326 9
90 327 5
262 328 10
117 329 2
286 330 2
21 331 3
277 332 4
281 333 10
59 334 9
53 335 4
322 336 6
269 337 4
278 338 4
52 339 7
6 340 5
35 341 10
153 342 6
134 343 10
228 344 3
11 345 4
49 346 7
114 347 7
157 348 5
105 349 10
233 350 10
333 351 2
339 352 7
281 353 7
165 354 8
263 355 1
241 356 9
228 357 4
29 358 9
357 359 1
177 360 4
55 361 5
354 362 6
322 363 7
197 364 9
222 365 2
144 366 8
334 367 5
270 368 3
4 369 6
18 370 7
62 371 3
79 372 5
101 373 2
8 374 6
118 375 10
139 376 1
156 377 9
146 378 5
281 379 9
346 380 7
15 381 1
368 382 2
282 383 6
7 384 10
188 385 9
291 386 2
304 387 1
324 388 1
163 389 5
311 390 3
140 391 4
148 392 10
176 393 10
220 394 5
225 395 9
135 396 1
394 397 5
34 398 7
338 399 1
50 18 9
187 104 7
345 110 2
8 48 2
54 35 4
102 265 4
205 271 7
314 220 4
315 262 8
237 82 1
206 69 8
370 263 3
92 346 3
47 183 7
89 135 5
254 153 5
122 126 8
77 237 1
149 247 8
13 303 6
90 387 1
196 88 7
357 47 6
346 40 10
280 311 6
65 330 3
206 319 1
270 54 7
336 91 4
326 210 2
334 138 6
198 310 2
253 100 8
146 23 8
67 342 9
395 5 2
200 293 10
310 360 1
172 283 2
344 72 2
38 182 2
90 218 2
359 268 6
240 326 10
394 5 6
18 239 4
205 314 3
393 110 1
63 292 2
381 217 3
181 96 7
335 106 4
172 363 7
109 131 6
316 88 9
60 121 8
13 48 10
170 288 4
302 286 8
398 379 10
341 125 4
114 59 4
32 128 6
109 147 5
17 316 5
57 383 1
133 120 5
370 365 1
4 390 1
86 200 8
296 353 8
283 275 8
55 396 1
128 129 8
287 349 6
355 330 8
340 272 6
63 370 9
272 236 7
199 140 2
167 20 8
359 77 3
139 113 9
284 11 7
25 376 10
310 92 2
59 183 9
389 25 4
81 362 3
358 353 2
66 248 3
169 254 4
64 238 10
342 131 9
88 277 2
394 368 9
145 310 1
235 297 5
345 361 3
280 96 7
306 147 7
123 14 4
336 64 2
12 62 8
26 306 8
354 392 1
396 125 3
362 372 4
224 218 2
372 333 5
181 352 6
102 208 3
13 154 10
43 332 9
35 301 2
111 344 4
231 392 1
83 397 1
132 82 1
146 54 4
62 344 2
305 367 3
341 94 6
218 284 10
286 201 10
303 274 9
310 269 5
139 284 1
70 205 4
381 188 3
246 27 5
39 31 4
117 139 1
207 384 1
162 56 9
213 173 7
216 305 1
24 1 8
159 226 9
288 327 8
61 65 1
17 399 3
4 229 9
113 204 4
195 372 10
97 332 8
190 392 9
375 259 9
353 391 3
277 92 8
235 94 6
164 260 2
272 46 8
186 388 3
44 169 8
157 225 5
241 83 7
3 119 7
383 85 5
166 212 4
391 253 3
139 244 9
211 248 6
212 272 1
69 376 5
146 70 2
287 77 2
323 159 8
28 331 10
220 270 1
184 23 9
14 190 4
381 365 2
156 199 7
341 169 8
245 169 3
335 217 4
184 63 4
72 380 10
337 382 6
52 186 9
237 38 6
100 98 9
59 298 9
213 312 3
107 94 10
62 191 7
84 338 4
160 281 10
115 118 10
362 207 9
134 7 1
99 268 1
132 123 1
298 138 2
319 241 3
286 262 8
61 229 4
13 348 5
71 255 6
290 104 4
244 35 8
90 233 9
160 336 7
313 192 5
204 171 6
256 164 6
194 377 1
234 181 7
285 9 4
372 280 7
17 156 5
339 87 7
326 58 10
110 327 3
287 378 9
250 59 6
325 316 5
280 104 3
180 141 10
169 77 1
94 77 6
379 326 9
20 188 2
236 6 1
97 247 6
16 234 6
248 35 6
257 246 3
78 364 5
153 50 3
125 22 9
325 211 7
187 314 1
50 83 4
241 267 3
382 120 7
110 165 4
304 49 6
373 121 7
17 258 3
30 229 10
396 343 10
212 89 6
9 44 4
123 131 2
307 394 8
267 96 6
25 243 3
341 204 2
373 47 6
73 158 9
184 43 5
65 170 7
304 132 3
174 222 2
272 265 3
112 2 10
49 116 4
89 146 4
218 323 8
226 151 1
175 235 8
337 98 4
352 282 2
383 34 6
236 306 4
78 362 4
215 32 6
30 259 5
305 12 1
105 85 6
128 93 4
101 287 1
332 22 7
262 322 3
227 292 1
136 191 4
161 373 8
395 25 10
80 43 10
199 234 5
34 112 5
193 370 9
234 352 6
24 247 4
244 263 4
271 234 10
9 351 9
188 26 7
24 275 9
191 283 7
164 73 10
372 242 3
155 100 8
240 175 2
320 119 4
235 4 9
339 1 5
67 41 4
305 4 6
230 399 6
271 305 5
330 329 7
83 66 5
144 180 2
305 128 6
67 305 8
172 155 4
267 8 9
210 181 5
155 193 8
137 176 8
136 209 10
219 280 7
390 387 4
123 119 5
350 241 3
147 121 3
4 332 1
357 389 6
160 107 3
50 67 4
229 280 9
267 356 4
129 105 3
122 135 5
37 361 8
1 119 9
43 94 8
372 125 1
396 132 7
263 305 8
245 38 4
294 156 3
309 384 1
102 188 10
282 143 3
391 338 2
359 20 7
129 14 6
205 283 9
212 311 1
344 211 7
81 30 5
226 61 5
75 51 6
165 47 10
21 108 4
336 149 8
394 56 2
375 272 1
313 394 7
231 363 5
202 361 2
192 124 6
375 69 2
392 278 10
57 189 10
139 384 3
196 267 1
68 139 4
359 168 6
338 194 2
324 312 9
153 111 6
151 54 9
376 176 4
109 27 9
327 38 4
278 155 6
312 133 7
53 65 1
389 198 2
157 363 3
48 160 1
362 337 8
316 180 5
81 380 1
156 213 8
285 367 8
206 351 3
273 190 4
257 318 8
261 220 5
201 318 4
227 239 5
395 260 3
218 18 2
31 9 1
274 292 4
79 305 2
297 116 4
90 30 10
271 43 7
259 60 3
101 26 7
4 250 3
361 21 4
322 375 7
41 355 10
396 136 3
82 105 3
165 336 3
288 172 10
221 98 7
168 59 9
196 251 10
342 261 10
96 59 2
69 82 7
162 81 7
278 236 1
217 349 4
236 353 3
254 319 10
375 330 7
310 237 3
24 245 3
14 117 2
93 1 6
315 224 1
234 277 9
368 1 1
257 15 10
387 97 10
311 63 6
225 112 8
149 325 10
393 186 9
243 342 9
150 233 6
271 153 10
45 131 3
358 370 6
273 254 5
185 242 6
201 387 9
371 152 2
196 391 6
314 11 3
26 393 8
103 144 3
10 69 9
283 119 9
371 158 1
236 92 4
220 248 6
209 379 2
293 387 5
322 349 1
327 230 9
235 34 7
371 314 6
222 329 8
51 385 3
241 114 2
249 106 2
122 305 2
326 123 1
16 116 1
340 347 7
353 54 9
224 33 2
12 169 6
229 259 8
366 355 2
185 345 4
332 209 8
38 52 7
280 46 2
317 1 1
308 270 2
119 27 9
180 160 5
96 61 1
330 125 8
282 255 8
142 363 9
387 384 6
288 17 4
54 221 4
397 113 5
132 306 2
133 385 2
177 139 1
25 36 10
104 143 1
133 148 5
363 323 2
216 164 9
324 328 9
202 281 8
241 166 8
154 240 9
192 274 9
372 130 1
329 310 1
269 311 7
195 244 10
369 244 5
202 142 8
228 144 6
138 116 5
78 136 9
79 123 4
7 329 7
330 265 4
267 19 1
76 145 7
179 266 6
267 70 10
323 174 9
387 321 3
150 252 3
217 77 10
132 376 8
92 268 6
269 222 9
397 230 8
142 224 1
10 368 2
84 160 7
289 386 2
130 71 3
306 373 6
194 192 4
217 296 10
369 122 7
46 219 9
215 264 6
181 115 6
87 118 5
151 155 8
268 163 5
43 302 7
364 205 6
281 272 3
301 76 1
330 86 2
303 302 7
104 41 5
172 62 5
162 275 3
326 378 8
312 262 9
237 306 7
280 154 7
332 137 10
354 307 2
258 234 3
253 186 3
80 35 2
346 173 2
43 165 3
375 393 5
288 290 4
149 391 9
308 243 1
256 338 3
360 333 9
223 352 7
227 191 3
99 310 4
210 25 8
66 204 4
373 371 9
222 180 9
386 97 3
138 388 2
91 207 9
297 30 5
293 141 10
142 20 6
78 251 3
141 130 8
367 39 3
16 168 5
357 132 5
248 58 8
39 112 3
45 348 4
262 363 10
53 8 8
281 282 4
152 182 7
313 383 7
241 106 10
335 343 2
167 73 1
221 85 9
145 142 5
291 119 3
185 159 10
381 54 7
8 393 8
285 200 6
375 11 2
107 270 4
350 98 8
268 334 2
207 338 10
143 365 9
370 318 8
156 219 10
311 108 6
180 125 3
136 208 9
155 144 3
262 132 8
135 11 9
70 199 1
97 106 10
310 161 9
182 139 1
384 28 6
275 336 7
126 279 5
25 76 1
29 351 7
59 273 2
84 263 8
279 130 4
393 293 9
320 324 8
22 327 10
96 121 10
258 40 6
324 15 10
321 21 3
138 190 3
295 163 9
22 274 3
106 67 7
62 258 8
244 173 7
182 194 6
167 122 3
255 207 8
29 23 10
139 262 9
265 258 2
268 94 10
183 261 3
66 140 10
159 124 2
122 363 9
356 76 6
368 297 1
135 104 4
150 341 7
310 33 8
1 311 2
19 208 5
272 323 1
195 57 4
363 36 4
276 265 6
61 107 3
125 3 8
6 204 4
203 191 10
1 133 5
296 92 9
227 64 10
19 115 10
78 21 8
174 310 6
126 296 2
370 44 9
180 79 7
247 157 7
89 252 9
247 272 9
158 27 10
156 15 5
206 169 4
198 390 8
110 368 8
162 350 2
25 166 9
279 385 6
58 59 5
165 216 5
118 277 6
59 331 8
43 53 8
365 251 8
3 86 4
192 188 1
135 231 3
134 171 1
164 210 3
117 273 8
266 281 4
374 162 4
45 372 4
119 112 8
19 104 9
312 337 7
135 217 9
387 106 3
170 242 2
36 377 9
206 337 4
330 206 7
12 108 5
345 23 4
30 99 10
317 18 9
374 187 7
191 23 8
97 193 2
315 295 3
361 279 6
176 224 4
284 307 9
318 113 5
306 50 4
79 16 10
315 247 9
317 119 5
220 47 5
312 270 2
119 332 10
274 37 1
251 38 9
174 34 9
139 392 8
192 191 4
27 76 7
69 389 2
275 231 3
58 170 2
161 378 5
174 199 10
273 8 7
211 263 4
122 329 9
151 2 6
119 45 8
15 288 4
284 193 7
299 196 5
88 370 10
116 35 1
30 31 3
375 39 7
141 119 6
379 330 1
281 180 6
54 397 7
208 13 10
330 364 10
97 64 9
69 195 4
44 248 10
71 349 9
392 118 3
169 297 2
396 391 10
223 374 3
136 32 9
356 36 7
326 71 9
156 313 2
371 362 2
79 393 3
235 382 8
76 348 3
225 68 2
74 237 7
117 285 10
150 264 8
77 89 3
136 230 3
125 95 5
391 260 7
3 142 1
188 382 5
334 195 6
32 52 9
397 114 2
155 394 6
383 262 3
180 149 9
97 186 5
96 144 9
53 273 3
348 126 5
48 338 6
50 376 8
242 194 2
15 207 6
84 7 3
386 308 7
8 340 8
327 126 1
226 394 8
51 196 8
19 101 9
212 360 8
128 148 3
284 398 8
27 222 1
324 223 10
274 304 1
53 303 4
45 165 6
173 290 7
213 112 8
247 153 4
142 181 6
298 166 1
317 62 1
37 65 6
36 7 8
393 167 8
24 219 4
97 285 4
232 178 7
94 226 1
295 317 7
257 304 9
307 213 2
216 43 2
317 170 10
88 299 6
364 141 10
186 62 6
47 378 9
392 361 6
84 281 9
237 301 1
128 0 8
60 366 10
39 338 9
314 60 4
63 82 3
140 308 9
167 256 1
92 132 9
230 295 10
209 107 10
46 208 2
266 43 6
392 341 10
144 339 2
232 57 2
26 36 1
287 86 9
44 192 4
387 373 6
233 256 5
360 119 2
251 2 8
268 52 3
176 345 2
133 24 6
146 311 2
159 212 2
74 127 4
343 363 1
148 231 9
35 388 4
377 153 3
269 204 1
285 258 6
216 223 1
95 146 4
260 343 1
324 385 6
54 78 2
304 69 10
259 207 1
279 95 6
75 270 10
77 239 4
58 196 6
40 251 6
57 328 7
84 88 5
320 213 8
349 292 9
385 343 9
123 133 1
112 11 7
301 281 3
56 395 6
180 53 10
215 158 7
141 115 7
333 52 1
35 269 6
227 185 9
82 152 1
90 115 10
261 34 5
97 265 7
51 315 2
163 223 1
73 365 4
350 106 3
81 262 10
18 38 9
394 312 3
338 83 5
357 257 6
3 254 9
97 320 8
299 312 10
12 177 5
30 305 9
32 73 10
189 255 9
147 247 1
379 305 9
101 272 9
240 321 8
310 297 8
314 210 9
264 99 10
139 214 9
144 37 4
81 113 8
367 9 8
392 248 2
254 285 4
276 221 9
339 363 6
69 344 3
30 247 4
109 186 4
328 259 2
89 393 4
356 145 5
70 338 8
16 283 3
365 219 4
250 150 7
211 301 9
79 14 2
214 303 2
198 20 6
347 16 4
113 233 10
100 239 5
190 339 5
175 311 1
25 346 10
129 77 4
230 72 9
335 215 5
44 105 8
379 223 9
62 269 3
240 295 3
37 189 6
184 2 1
283 216 7
374 6 1
202 37 6
220 356 4
63 253 10
370 399 3
228 394 6
97 21 8
237 170 8
161 304 3
389 278 1
315 46 4
348 166 6
136 306 7
58 395 10
221 170 6
116 175 4
136 107 2
216 315 10
53 266 8
143 325 2
322 135 3
284 71 7
56 202 5
142 399 9
255 221 10
51 15 4
163 282 4
228 290 6
295 341 10
304 92 3
166 111 4
375 304 5
259 62 9
293 101 1
166 176 6
250 60 5
298 309 3
257 149 5
246 198 6
224 191 8
109 122 1
208 94 9
90 132 4
194 334 5
231 100 8
9 308 5
81 172 8
265 84 10
13 172 4
345 256 5
118 106 3
303 79 9
134 31 3
245 40 7
331 131 9
247 193 6
319 148 7
293 207 9
233 349 9
324 396 7
245 310 4
101 342 1
271 155 2
111 177 9
184 339 4
350 135 7
285 104 9
202 30 1
257 202 1
138 306 9
213 377 10
25 204 1
343 26 7
221 110 7
294 200 7
376 26 8
316 239 1
103 118 3
30 131 1
143 224 7
391 239 3
223 325 6
339 29 6
185 234 3
150 202 10
242 215 8
308 194 1
60 264 1
379 345 9
352 310 8
250 342 5
59 167 2
343 213 1
192 310 6
350 112 5
110 295 1
239 223 10
387 70 7
350 344 3
395 66 5
274 119 7
205 172 1
377 185 3
213 28 5
316 270 8
249 355 6
331 8 10
106 165 8
51 109 8
82 203 2
95 219 6
34 287 3
35 32 6
150 309 1
183 221 6
123 4 6
207 389 4
285 34 5
2 294 2
106 145 6
351 198 4
365 338 10
8 131 2
103 57 1
177 237 3
5 175 7
85 209 1
312 86 9
253 15 10
200 245 1
399 200 7
117 250 7
11 20 10
325 111 3
357 96 6
287 343 3
144 207 2
290 245 3
53 308 6
68 343 4
326 116 10
253 208 7
251 191 2
372 251 5
9 394 5
9 352 9
0 192 2
215 349 5
48 19 5
205 303 5
21 44 3
132 39 8
257 127 3
32 125 5
18 281 4
243 38 6
365 375 9
200 31 1
167 227 5
298 71 6
108 31 2
329 46 6
118 159 1
141 213 8
382 315 8
115 81 2
116 293 2
246 308 3
103 347 2
364 64 2
99 146 9
397 260 10
285 234 8
276 94 5
20 338 1
250 381 4
72 152 2
47 56 5
374 20 3
190 156 5
190 319 5
197 151 5
46 239 6
216 32 7
304 299 10
92 279 8
250 218 10
92 123 10
270 188 4
31 106 6
238 337 4
310 272 2
75 142 8
367 309 5
226 363 7
5 382 10
37 32 3
31 206 6
270 16 5
315 399 3
237 57 5
101 152 4
123 48 5
393 88 6
150 143 8
181 228 3
112 166 10
304 180 5
325 155 6
239 381 5
78 83 4
42 71 2
44 239 9
32 182 6
64 190 1
64 148 10
44 319 8
30 379 1
42 304 7
350 84 4
382 6 10
212 11 2
85 294 4
57 13 5
165 152 8
149 374 4
349 216 2
169 338 2
139 125 8
277 64 3
208 62 7
281 356 3
317 6 2
139 56 7
299 266 5
340 381 3
189 49 2
42 90 7
56 51 6
33 91 2
284 310 4
7 308 9
205 153 2
380 264 6
61 155 10
259 120 1
392 40 6
374 80 9
226 161 4
13 96 6
11 37 7
190 74 9
198 276 1
314 265 2
323 47 7
139 6 6
355 264 2
367 53 1
397 277 6
78 315 10
326 17 8
196 341 4
254 174 5
48 212 2
6 215 5
395 190 1
6 42 4
32 365 7
217 16 2
39 15 10
298 31 3
12 151 7
201 320 5
97 275 3
243 9 1
262 260 10
76 251 1
242 63 9
82 53 3
194 341 3
103 191 2
366 256 4
254 299 2
315 271 7
86 136 10
275 142 2
235 14 1
19 325 5
292 245 4
70 330 4
307 194 10
223 83 1
299 50 5
228 45 1
205 171 9
56 196 10
272 82 4
72 124 3
36 39 2
371 304 1
234 355 3
207 80 8
20 91 8
392 73 4
202 73 4
270 252 4
230 262 5
194 185 10
378 63 3
200 323 8
65 133 1
381 291 1
252 32 3
355 172 5
198 255 3
358 107 6
263 60 10
3 396 5
144 146 9
355 12 5
248 237 6
135 294 5
301 50 2
139 29 2
187 320 5
104 153 2
20 234 5
295 344 5
205 232 3
153 206 8
189 340 1
336 144 10
297 358 2
192 308 8
398 11 6
266 85 10
115 332 5
124 354 2
256 232 6
245 94 1
379 137 1
151 225 2
214 3 6
77 347 2
345 167 6
131 27 4
254 184 8
207 350 6
137 327 9
345 381 6
191 49 10
211 28 5
60 54 9
85 300 10
262 11 1
160 109 10
196 96 5
38 255 9
278 120 1
51 68 1
162 330 1
57 97 1
115 300 8
65 100 5
213 117 7
126 153 5
370 285 6
67 393 2
185 310 5
348 336 5
247 74 4
169 39 6
82 363 1
22 6 10
196 148 7
94 74 4
252 255 5
215 202 6
18 243 9
323 115 2
104 374 2
50 124 3
358 391 10
368 258 9
381 268 4
26 42 4
347 264 5
44 253 2
32 271 9
377 139 6
334 176 4
277 9 1
200 341 9
283 131 7
276 243 10
367 293 4
331 365 2
27 18 4
177 6 9
83 243 9
291 302 7
70 327 1
383 82 3
49 245 4
96 370 5
374 219 9
12 259 6
262 313 6
149 235 9
155 72 2
86 93 8
85 258 5
151 7 10
337 365 6
91 113 8
91 106 9
121 156 5
38 66 9
396 67 5
376 74 8
185 215 2
95 245 3
55 52 3
210 336 3
93 172 2
273 23 4
393 82 10
45 133 8
86 239 5
115 43 4
216 291 6
15 114 9
103 233 8
9 245 7
130 10 4
56 69 1
266 333 5
244 388 3
381 264 3
311 12 7
263 178 6
302 340 6
259 92 10
204 58 8
27 266 5
175 145 9
145 287 5
46 24 3
308 1 1
311 67 5
371 280 8
162 277 8
162 304 2
354 198 1
370 241 8
14 286 5
177 148 3
363 227 7
252 174 9
221 86 3
126 48 9
286 220 8
58 343 1
161 200 7
371 207 4
204 397 2
336 172 4
298 128 7
215 59 4
292 89 3
154 237 8
76 253 5
269 6 8
203 71 2
216 272 8
230 303 5
304 271 6
122 1 4
366 84 5
37 17 5
33 52 1
333 224 2
131 394 4
207 316 6
390 271 5
99 94 6
27 379 2
179 320 7
359 260 10
153 129 4
59 156 9
278 184 1
15 335 3
377 295 8
161 101 4
386 177 5
165 131 2
359 363 2
390 200 10
288 398 3
78 165 1
276 124 6
137 294 4
270 275 3
184 160 4
99 366 3
225 133 1
258 339 4
172 234 7
337 199 9
135 182 8
388 273 7
104 13 8
185 335 7
341 91 9
81 185 7
384 376 4
44 171 6
327 173 3
4 96 7
151 380 6
343 399 3
165 3 3
56 326 10
278 379 1
295 119 1
291 22 4
114 286 3
129 258 4
223 281 10
269 137 6
82 320 8
394 256 4
17 2 10
186 365 5
305 68 5
268 296 10
387 163 9
387 218 10
332 307 3
141 313 5
320 287 8
232 273 9
135 228 6
311 214 10
391 394 7
328 358 9
198 311 9
268 200 6
393 345 4
19 212 9
60 10 7
45 71 2
323 89 2
198 352 7
47 366 2
271 288 7
99 54 2
170 294 3
187 141 2
274 40 7
202 338 1
248 252 5
183 134 6
352 312 2
181 135 1
319 81 4
247 355 9
344 53 7
117 378 7
159 290 3
367 284 4
176 100 7
249 349 7
53 346 4
284 9 7
266 339 5
83 262 5
347 312 7
13 231 10
108 197 8
286 217 7
240 199 4
349 357 3
176 327 7
136 137 3
333 279 2
84 20 9
19 58 2
292 276 8
284 27 9
129 355 8
193 258 5
255 224 3
302 106 4
252 382 10
1 228 5
250 222 6
177 106 8
239 58 6
202 7 4
320 33 3
307 223 7
204 135 6
122 265 3
373 274 8
271 138 6
338 217 1
230 393 9
327 76 4
346 84 2
145 140 1
219 284 10
346 87 9
386 114 9
276 331 2
216 353 8
180 139 9
314 267 10
38 211 1
126 55 9
128 380 3
349 110 6
164 98 8
382 342 3
230 276 9
86 87 1
378 111 6
294 370 4
368 217 1
305 249 7
273 29 1
351 227 9
336 309 4
329 334 8
397 121 5
365 378 3
53 340 8
149 305 2
173 85 7
268 246 9
277 181 5
377 262 4
4 247 7
299 235 8
167 350 7
88 12 3
167 209 2
235 60 3
208 103 7
244 241 1
350 1 10
155 231 1
9 200 1
281 315 6
38 170 10
346 57 10
96 82 8
20 399 2
14 198 4
134 149 5
105 365 5
88 193 6
247 166 9
33 296 4
236 161 10
143 310 1
243 49 6
381 392 3
350 392 2
71 66 7
292 192 5
398 29 5
89 280 1
325 261 1
142 73 8
152 37 5
261 209 8
32 202 8
291 319 1
236 91 7
74 104 2
126 17 2
5 306 6
294 349 10
281 285 3
166 84 1
13 216 4
349 148 4
49 29 6
246 114 7
126 96 9
200 326 6
229 231 9
382 158 8
243 306 5
134 308 6
140 356 4
225 18 7
289 347 8
263 122 1
53 44 2
34 0 1
77 339 7
71 250 3
183 305 3
382 96 8
119 307 5
58 357 3
190 311 1
257 84 3
65 114 2
316 189 9
22 305 3
301 62 2
49 384 4
45 10 9
292 99 1
225 297 7
249 378 9
224 102 2
242 332 9
74 157 3
31 228 6
8 205 5
255 358 1
289 35 9
239 340 9
263 36 6
385 229 8
57 16 5
164 393 7
347 19 4
122 193 4
139 390 4
270 159 5
126 374 1
159 328 10
366 278 4
270 49 2
190 239 5
346 50 9
333 294 3
194 317 5
221 136 5
369 383 7
256 76 4
243 15 1
369 125 6
187 3 2
328 22 2
380 103 4
372 28 9
277 81 8
268 208 5
358 213 3
163 35 4
385 55 5
184 352 4
45 88 3
265 10 1
269 219 6
379 107 6
285 187 7
352 179 5
284 381 8
116 137 8
317 244 4
92 166 8
373 146 8
210 332 2
192 331 2
91 47 4
32 46 4
214 341 10
116 260 9
288 87 7
320 335 1
11 12 3
271 100 3
48 161 4
301 97 9
322 113 1
331 216 4
357 146 4
354 297 6
278 13 5
358 178 3
259 295 3
236 96 9
346 110 3
243 280 10
51 63 1
130 213 5
195 345 4
319 198 6
165 353 8
57 159 6
151 281 3
24 293 9
282 44 4
357 304 4
141 242 9
96 304 6
112 164 1
80 124 9
360 305 8
230 35 9
5 80 4
285 132 2
79 91 6
303 24 2
105 269 8
217 372 1
267 163 10
91 103 6
389 20 1
142 312 9
328 43 9
311 119 6
98 390 7
299 381 4
306 287 9
359 87 4
300 329 7
287 62 1
62 231 8
238 348 8
315 99 8
10 154 6
26 52 8
108 367 7
186 296 5
311 39 5
21 369 1
126 372 2
10 111 5
377 372 8
194 219 7
234 159 7
293 301 4
287 321 3
4 129 7
264 367 9
16 367 10
72 112 10
46 30 2
351 92 2
229 212 8
151 32 7
203 192 4
63 168 5
309 262 10
179 131 1
310 127 1
338 125 8
207 138 5
316 51 9
242 138 7
140 336 3
290 397 2
237 239 9
116 207 3
16 295 8
108 290 9
231 382 4
61 364 3
145 79 5
131 59 10
0 378 6
314 277 5
227 120 7
48 302 9
346 27 4
320 122 2
371 7 3
339 254 1
371 295 7
73 316 4
46 384 4
331 142 8
276 273 8
87 357 10
102 309 2
312 375 5
62 147 7
123 365 8
345 38 2
343 98 8
326 161 10
308 131 1
292 49 6
234 282 3
67 243 5
32 59 6
301 184 10
123 84 6
262 136 1
365 67 5
13 103 6
206 260 3
321 80 3
251 16 10
149 238 1
53 338 2
373 398 4
36 226 1
290 111 6
365 58 7
128 266 1
231 53 5
171 77 10
69 241 3
234 157 2
351 336 4
200 359 9
233 147 9
219 0 3
120 185 6
257 69 4
270 399 4
261 264 5
49 47 2
253 246 5
20 115 3
330 14 3
334 231 5
148 189 3
335 329 9
234 17 4
229 393 3
352 269 2
22 356 6
349 107 7
396 380 8
386 202 10
344 231 5
369 203 2
203 86 2
396 2 8
89 326 6
150 382 5
155 40 4
192 324 2
244 96 4
175 58 3
327 25 4
358 86 10
79 392 7
258 351 1
202 12 9
205 109 10
250 197 3
44 315 7
65 398 5
233 305 6
89 249 7
341 331 5
63 271 8
115 391 9
280 109 1
242 337 2
168 256 9
341 290 6
359 227 10
180 314 10
57 235 10
366 399 1
116 95 2
151 220 4
276 93 8
286 89 10
221 392 2
141 87 1
111 202 10
394 153 1
386 11 6
258 375 8
325 199 7
370 261 4
62 275 1
200 364 5
159 153 9
168 208 10
201 92 2
341 0 10
328 163 1
291 131 2
102 206 6
305 381 3
99 23 4
298 383 1
140 335 7
261 0 9
130 282 3
371 360 6
11 8 3
213 85 4
126 354 10
162 342 2
340 209 9
160 197 7
233 183 4
117 29 2
115 387 3
343 140 5
367 120 10
333 361 8
262 210 3
104 185 5
57 341 10
54 72 10
161 269 5
207 180 6
387 193 7
78 344 5
293 307 7
396 147 7
376 118 10
46 16 10
79 27 9
218 320 10
342 130 4
267 292 6
246 362 5
270 366 2
136 207 4
346 313 4
104 29 1
392 192 10
298 53 2
89 235 1
339 85 10
40 124 7
243 396 8
48 149 5
66 359 8
308 171 10
166 276 8
94 381 1
155 16 1
353 269 2
20 78 2
256 30 5
119 41 3
101 216 2
58 102 1
71 221 8
159 127 3
218 116 5
173 312 2
118 331 4
232 53 10
253 290 6
192 367 5
183 344 7
398 61 7
227 312 8
141 157 8
394 352 8
174 17 6
82 8 6
284 245 7
320 10 8
348 385 4
102 369 3
205 168 1
285 260 10
179 281 10
269 228 9
36 353 7
150 350 10
26 138 1
165 393 1
306 365 2
23 121 7
130 118 1
300 319 7
159 394 3
339 308 9
227 173 1
373 153 1
369 361 3
225 14 10
394 335 5
35 276 2
199 209 10
191 88 4
98 18 3
147 200 4
381 86 4
70 252 7
68 297 1
231 293 2
19 255 4
370 320 1
230 76 4
215 142 9
151 239 6
385 212 9
182 154 3
251 268 10
101 250 4
116 205 5
329 161 6
350 105 8
304 246 8
364 69 1
156 262 9
325 319 10
262 153 10
179 328 10
126 231 5
310 182 5
333 106 4
3 388 6
384 132 5
396 79 1
222 200 4
59 69 6
274 86 8
383 103 1
371 16 7
181 147 9
323 336 4
57 179 1
89 338 9
108 354 4
269 345 3
252 332 4
91 315 3
371 93 7
163 227 1
375 160 9
17 374 5
376 311 3
193 206 7
32 301 7
19 191 6
385 326 10
209 100 6
98 234 3
50 99 1
307 152 1
319 354 4
8 264 9
357 191 2
347 253 8
319 303 8
138 383 8
171 316 4
54 172 7
39 333 10
277 374 9
335 358 8
148 279 5
146 328 3
119 29 10
172 275 3
189 149 10
99 389 7
70 275 9
121 260 2
118 204 3
204 170 10
103 228 5
248 209 9
381 198 3
49 366 2
20 5 9
43 183 5
264 377 9
101 81 9
85 117 5
202 225 4
330 249 8
379 316 9
66 44 4
283 225 2
52 84 4
94 95 4
364 310 8
134 209 2
270 210 6
117 49 4
83 387 10
267 59 8
65 238 9
63 201 8
40 7 8
217 304 9
341 44 1
351 339 7
379 49 3
197 396 7
188 272 9
140 279 3
296 98 8
284 14 9
281 79 5
176 395 3
210 5 4
222 318 1
355 126 8
163 96 7
218 349 9
96 80 5
27 12 5
11 353 4
369 72 2
325 381 7
341 374 7
267 207 2
178 118 1
337 298 4
315 126 2
365 177 3
196 141 9
244 328 1
20 112 6
69 97 5
115 68 8
54 275 2
283 106 9
331 154 2
87 114 5
380 271 10
355 318 8
189 69 1
117 75 7
142 37 3
16 382 10
279 186 6
394 271 7
395 308 5
105 43 4
152 11 9
46 23 5
196 154 10
177 116 6
138 196 8
13 197 2
57 219 7
365 175 7
138 186 9
134 202 6
209 7 1
96 138 7
110 229 6
377 325 7
265 56 1
170 160 9
391 372 7
208 223 9
399 108 9
94 20 3
180 342 4
17 298 1
379 183 10
255 121 2
257 186 2
304 364 7
220 205 7
374 145 9
258 327 4
83 47 5
295 231 9
357 80 3
89 174 10
154 161 10
229 105 9
367 308 7
121 178 8
132 385 10
62 247 3
60 363 5
285 112 7
163 220 4
109 80 8
385 313 1
18 306 2
281 10 7
9 186 1
197 220 1
212 21 6
147 193 9
101 20 3
182 54 10
113 51 5
267 300 10
29 83 2
82 270 2
79 388 6
44 198 9
156 107 9
64 260 3
354 22 8
248 225 9
199 149 2
132 64 2
293 163 1
381 304 4
5 1 3
140 291 7
283 153 8
272 201 1
230 392 4
224 106 1
2 316 5
320 280 10
277 294 8
358 75 2
160 186 9
198 30 9
245 147 10
148 331 4
310 199 6
176 129 6
364 18 3
12 161 4
237 308 8
20 362 5
119 188 4
94 62 5
184 293 2
113 386 5
61 323 2
259 52 4
178 158 8
92 253 9
247 337 1
40 316 9
381 63 5
261 339 5
43 26 2
162 332 9
34 93 3
252 371 2
261 321 2
103 378 9
234 96 9
272 19 4
77 231 9
16 85 10
212 336 10
75 219 9
32 190 6
361 171 1
337 285 4
207 112 10
6 351 1
348 18 10
136 184 5
6 182 10
346 48 1
230 105 9
175 180 2
304 57 7
302 332 5
234 3 8
219 189 2
159 80 7
288 357 3
362 199 4
398 257 5
245 390 6
325 300 6
380 319 1
371 261 6
215 125 5
168 345 2
306 291 8
224 182 10
307 88 10
264 382 5
314 9 8
224 216 2
197 188 5
275 13 10
141 211 10
163 197 8
127 92 10
107 177 1
396 302 2
379 3 10
189 134 10
92 257 4
204 138 4
349 240 7
143 182 2
79 376 5
187 195 8
89 115 8
10 398 3
358 90 10
147 243 1
303 336 3
221 252 2
42 196 2
315 72 7
181 182 7
71 224 2
267 263 2
281 325 9
309 203 10
171 246 6
27 261 5
378 31 3
55 172 10
57 387 1
52 95 3
284 339 7
227 174 1
286 91 3
310 207 1
58 288 7
162 13 10
102 273 8
359 83 10
268 264 7
161 234 4
165 66 10
197 226 8
0 152 6
155 57 9
8 262 6
350 176 4
0 317 2
329 111 8
353 172 10
353 309 1
166 189 10
113 115 10
281 73 1
349 211 8
386 133 10
128 195 2
278 261 3
331 332 2
67 381 7
269 254 2
389 362 3
49 74 6
27 62 1
324 281 6
57 2 9
172 177 10
341 4 3
148 307 9
297 308 5
258 7 5
313 301 8
110 155 7
1 179 4
123 44 2
215 68 9
338 377 9
295 188 10
387 397 6
346 83 10
255 129 10
263 33 7
118 219 10
27 29 6
239 267 1
177 14 2
16 98 6
110 173 6
12 134 3
0 7 1
61 2 7
15 172 5
344 170 8
273 237 8
321 10 2
56 230 1
203 11 6
262 335 1
65 64 4
306 70 4
329 25 8
331 364 5
93 64 2
22 370 9
20 71 10
269 76 1
158 186 8
324 368 1
150 70 2
355 70 1
48 72 1
270 323 3
288 265 3
194 117 6
239 40 1
156 171 5
294 299 7
53 272 6
119 267 5
113 191 1
371 35 10
239 148 8
112 272 4
309 32 9
262 142 1
179 194 3
132 18 2
321 102 1
168 163 1
264 324 1
115 204 9
257 119 9
225 325 10
221 338 6
58 80 2
306 384 10
281 20 8
333 193 2
11 48 9
34 323 5
20 360 6
358 19 1
230 260 10
302 249 2
48 102 5
364 322 3
157 99 4
287 312 6
220 116 2
236 188 3
3 96 5
171 323 10
73 129 4
131 214 10
294 313 5
15 273 7
340 202 2
295 181 1
11 298 10
75 154 9
104 134 8
56 5 6
335 10 6
199 158 3
219 158 4
268 41 3
4 72 7
287 96 2
382 56 9
382 86 6
310 381 7
170 325 3
273 22 7
38 263 3
184 81 9
117 388 1
382 130 7
317 9 7
115 240 5
134 356 9
169 2 4
184 368 2
178 83 1
324 297 10
122 285 3
393 221 7
266 362 10
247 64 4
374 105 1
259 343 3
146 114 8
13 379 10
195 313 10
329 277 3
363 150 9
249 173 4
324 271 6
395 342 3
244 346 9
78 117 1
333 166 10
101 91 8
27 127 5
187 1 10
350 308 1
245 177 10
345 363 10
90 173 3
9 15 8
165 117 3
91 153 7
63 217 2
67 202 4
265 354 1
135 171 7
257 253 5
134 252 8
330 298 1
99 262 4
49 259 7
342 270 7
324 377 6
232 104 3
300 130 9
262 95 10
222 4 4
117 268 4
117 13 7
370 95 5
3 212 10
38 295 3
217 35 1
208 73 2
78 107 9
149 271 1
114 313 4
61 152 8
109 329 3
182 282 2
90 112 8
190 254 10
368 274 7
24 304 10
376 240 10
217 277 5
186 53 2
249 276 10
255 383 1
100 87 9
303 28 7
326 353 3
384 25 7
290 117 3
273 340 6
165 323 1
187 49 5
46 110 1
163 381 4
57 107 4
83 254 10
41 311 4
163 54 2
205 359 1
66 138 1
328 16 1
32 138 6
258 232 6
165 334 2
304 379 6
15 321 10
174 100 6
346 324 9
343 223 2
0 397 3
170 2 4
236 114 1
113 242 6
165 215 6
351 125 1
249 311 3
75 108 4
283 77 2
37 232 6
130 60 6
319 138 4
211 353 5
296 202 2
184 350 2
132 95 2
39 353 6
249 50 10
64 395 8
130 18 8
212 206 2
49 280 9
273 321 4
187 345 1
133 390 1
71 199 4
90 380 1
255 84 7
232 13 3
358 257 3
262 244 8
51 155 10
134 151 5
225 321 5
15 259 4
22 202 1
373 58 2
264 373 4
246 237 7
329 261 10
1 285 8
334 97 3
167 63 10
177 398 10
240 353 8
32 133 10
194 254 6
4 28 2
124 289 5
348 88 4
380 262 5
85 127 8
131 323 8
4 38 8
44 35 7
5 311 8
322 66 3
149 252 9
235 247 7
350 139 2
153 45 5
337 300 3
107 192 7
86 237 2
207 153 7
317 3 8
241 45 8
198 19 7
29 55 7
352 32 9
134 85 9
173 169 5
178 65 8
331 367 8
175 350 4
280 319 10
367 196 4
372 277 1
274 281 4
167 212 10
230 361 4
38 375 10
156 33 10
66 175 6
175 217 1
131 35 5
177 307 8
71 174 7
103 357 2
27 333 8
68 262 5
43 384 10
78 100 8
207 383 8
1 157 10
47 16 10
311 2 7
267 391 4
208 221 4
75 71 8
39 200 4
134 327 3
284 132 3
206 34 6
301 148 4
144 302 5
139 80 2
135 378 9
9 30 8
96 252 1
175 80 10
268 154 8
208 11 6
161 219 3
147 242 9
365 131 3
163 395 10
15 2 9
121 1 6
11 226 8
136 82 10
394 124 2
359 194 7
130 59 5
105 28 8
15 29 2
250 34 5
287 17 1
238 23 10
19 282 6
388 202 10
5 205 3
369 54 3
232 389 8
48 122 3
388 87 3
331 185 7
64 223 3
27 239 4
68 375 2
258 147 8
288 191 9
36 16 8
136 267 2
108 29 7
1 268 5
184 310 5
13 399 3
203 81 3
256 270 9
241 278 3
277 302 5
238 187 9
269 217 4
306 96 3
278 30 6
266 164 2
23 267 7
376 351 8
11 194 2
336 243 7
40 190 1
115 166 4
158 209 2
239 329 2
186 225 8
107 363 10
296 44 4
17 144 6
94 57 7
22 90 7
365 326 3
124 265 5
317 204 2
223 33 7
96 165 1
86 56 2
198 326 4
360 219 9
359 141 3
211 213 8
266 60 2
392 196 5
4 53 8
291 25 2
143 197 2
376 192 2
89 185 7
363 90 2
87 80 3
368 256 1
269 54 8
398 380 9
388 344 1
248 26 4
344 381 5
140 301 4
115 268 9
1 28 3
208 232 2
96 340 9
186 387 3
26 166 6
280 353 9
15 30 3
56 244 7
326 265 1
395 248 2
243 141 4
127 43 2
212 135 6
369 155 10
112 263 8
265 30 10
143 304 8
325 136 2
38 368 5
76 263 5
268 398 7
10 342 5
300 333 7
275 5 1
363 182 10
193 267 3
21 141 10
159 141 5
83 176 6
164 356 1
398 14 8
231 124 7
143 218 3
54 194 5
210 96 4
180 113 4
356 265 1
365 362 3
33 329 6
244 372 5
80 25 5
58 231 2
38 326 4
102 340 9
397 275 8
375 146 4
290 55 7
214 148 4
226 253 1
81 317 9
170 182 10
197 146 8
168 104 6
246 214 1
309 206 4
3 172 5
225 2 8
80 140 3
239 304 9
49 323 3
289 307 9
135 30 4
170 97 10
25 372 1
377 75 9
359 104 2
59 189 8
153 242 9
222 244 4
234 14 9
55 270 9
330 231 6
144 65 6
21 218 5
129 114 5
166 39 6
20 82 8
3 110 9
220 354 3
43 5 4
144 27 10
165 272 1
296 14 1
121 140 5
79 315 6
372 76 3
286 328 9
296 30 4
266 264 5
104 179 1
114 14 5
106 318 8
214 397 5
16 380 4
243 121 7
152 171 10
155 49 3
16 131 4
202 398 3
287 398 8
101 375 9
381 277 5
117 372 9
95 254 9
320 66 9
310 313 7
270 260 2
240 318 2
279 387 3
103 141 7
62 282 3
277 265 9
213 398 2
122 87 10
364 121 6
227 41 7
169 202 9
182 293 9
121 329 1
224 269 8
1 169 3
35 13 1
13 41 4
69 394 5
137 18 1
211 223 6
311 356 4
399 220 9
279 198 1
6 90 2
71 172 3
347 267 2
177 259 9
222 252 2
75 232 1
90 195 6
364 17 5
132 206 10
278 12 2
172 217 1
179 129 2
276 200 8
307 326 5
265 305 8
265 43 4
312 14 9
395 154 1
37 288 8
255 63 8
80 0 7
44 58 7
288 49 4
39 384 3
81 244 7
172 108 5
386 203 2
16 358 5
326 251 5
51 143 4
313 117 9
195 248 1
328 102 2
399 256 8
344 322 1
260 203 9
66 272 1
329 392 4
277 48 5
92 227 7
109 46 1
10 214 1
364 354 6
240 52 9
0 374 3
130 332 6
31 377 10
211 324 5
260 393 4
357 352 5
88 121 5
300 299 2
271 15 7
24 264 8
291 2 7
76 163 3
166 199 8
201 249 5
238 119 10
372 305 8
388 276 1
371 135 9
58 347 9
89 103 3
344 319 4
74 84 5
165 8 3
63 289 2
70 32 4
297 161 2
398 101 2
42 145 10
338 52 3
336 246 4
316 333 8
375 241 7
380 209 10
83 216 10
147 291 5
226 382 3
36 270 7
70 288 5
381 251 6
10 276 6
354 134 1
396 59 5
377 316 2
328 161 4
393 195 3
262 251 1
363 89 5
149 1 9
241 175 1
97 0 6
279 231 9
289 331 2
70 334 7
383 10 9
99 48 7
7 399 6
202 337 2
383 279 3
48 349 10
263 102 9
123 140 2
128 29 10
173 234 6
229 172 6
185 32 10
233 300 6
241 74 8
277 292 7
336 139 6
139 331 6
395 291 3
177 32 5
149 227 5
287 228 2
176 349 2
377 83 4
279 218 6
4 294 5
359 204 4
274 285 8
205 84 5
280 382 4
220 373 2
162 218 3
399 316 8
240 345 3
280 324 3
64 304 3
240 106 5
337 226 1
300 321 10
5 302 8
394 87 5
395 61 6
151 213 2
208 243 2
290 30 1
280 197 7
68 168 5
260 324 9
183 3 6
82 318 9
129 189 8
154 51 8
306 206 9
91 83 1
88 14 10
214 109 5
280 271 10
259 224 3
49 359 10
102 180 10
387 214 6
398 21 4
302 217 4
14 62 9
388 233 8
218 289 7
233 371 5
201 246 10
96 390 4
102 174 2
180 211 3
194 294 9
380 272 5
87 134 1
357 163 8
249 22 6
30 111 3
77 298 6
22 247 3
296 29 2
297 88 5
27 179 7
190 299 2
334 396 8
42 123 8
246 342 1
15 24 7
202 368 5
154 248 10
164 227 2
147 365 4
6 197 5
122 30 9
344 148 1
182 302 6
66 337 10
258 181 9
319 160 10
117 295 4
153 252 5
149 100 2
54 215 8
378 5 8
59 258 7
177 281 7
27 319 10
190 35 4
88 349 7
365 51 5
173 119 3
326 107 7
182 390 5
276 313 9
261 50 2
340 228 10
91 254 1
224 6 8
384 354 2
207 314 2
265 331 2
295 242 1
219 71 8
162 77 10
324 49 3
82 310 3
361 123 3
79 67 6
113 84 4
75 47 8
331 323 7
90 321 3
210 389 7
295 268 9
195 299 2
22 80 8
43 175 1
232 219 6
138 21 3
278 325 10
230 390 2
393 389 8
104 341 9
267 386 5
138 132 4
255 49 4
73 20 7
95 160 10
242 201 7
193 397 10
149 264 1
131 294 5
34 156 10
337 369 6
31 290 7
121 380 9
47 14 1
341 58 3
302 89 6
255 104 10
196 53 8
6 329 5
25 314 7
200 169 10
200 283 9
317 88 4
30 70 6
168 388 6
269 232 10
119 26 1
175 252 10
37 387 6
62 380 6
52 370 7
188 9 1
160 287 9
24 175 5
84 3 8
178 213 7
392 356 1
17 47 9
293 125 4
296 142 7
356 326 7
63 222 10
36 303 8
242 60 3
179 121 5
280 142 7
303 7 3
202 297 1
318 111 3
175 220 4
398 245 6
79 224 8
222 87 5
205 105 6
156 91 1
298 369 10
288 376 3
174 167 3
213 78 4
144 374 5
31 55 1
285 101 4
135 316 9
199 165 9
210 107 1
132 62 6
357 102 10
202 3 5
82 227 7
179 255 4
78 3 4
209 187 7
313 395 2
338 385 2
14 53 4
169 132 9
29 30 10
152 391 3
176 185 10
77 14 9
57 129 10
141 150 7
340 311 5
206 15 8
191 152 4
286 259 8
157 377 9
297 338 9
78 67 9
276 382 7
393 334 6
12 79 2
226 142 1
190 229 2
298 7 5
295 13 6
90 381 10
335 24 1
136 18 6
121 305 6
309 314 8
310 164 2
265 51 6
188 304 4
70 202 7
23 321 10
152 276 9
381 171 5
13 21 2
379 48 1
172 58 2
256 314 1
241 109 7
397 273 2
185 217 2
315 274 9
87 57 10
46 160 7
248 222 5
278 157 2
198 200 1
279 208 7
298 221 3
157 139 10
108 360 5
335 318 7
388 194 4
74 19 4
212 396 4
86 264 2
352 153 4
200 170 7
84 323 8
151 305 4
103 181 3
209 334 6
321 241 9
143 309 7
349 115 6
379 180 7
370 178 10
52 330 1
366 178 6
8 162 1
295 293 1
341 317 2
113 71 6
220 33 2
141 236 6
89 222 10
368 167 3
250 75 6
361 56 8
395 18 2
89 228 4
112 308 7
277 282 5
138 60 6
13 50 4
151 16 3
35 220 1
231 113 5
282 107 3
304 90 8
228 55 6
223 46 3
14 135 1
81 133 6
236 38 7
384 399 5
339 207 10
134 377 8
317 65 6
96 277 9
106 344 2
138 3 8
390 252 1
225 284 5
269 84 9
61 289 9
288 280 1
312 80 9
384 84 3
116 365 2
65 292 7
278 322 7
128 3 1
356 209 2
394 114 3
377 272 10
103 24 7
114 191 9
299 108 7
30 374 7
339 328 9
346 233 8
208 349 9
1 6 1
196 27 8
119 65 5
10 133 8
386 230 9
200 329 4
378 211 5
209 60 7
241 134 7
306 216 10
343 308 2
49 102 10
214 232 9
171 280 6
340 88 9
320 221 1
377 81 6
93 164 1
192 189 10
1 9 4
82 212 3
354 329 7
239 29 7
20 86 8
285 270 8
359 10 7
282 118 5
93 116 2
106 113 3
381 155 5
45 104 6
34 272 8
86 5 10
258 338 9
368 79 6
169 53 4
150 373 7
292 129 7
352 317 10
191 38 1
297 158 7
116 303 6
384 5 8
237 292 7
241 269 1
90 146 3
50 337 3
214 381 2
368 146 4
303 62 9
120 77 6
46 352 6
345 390 3
36 55 6
65 394 7
254 109 7
374 208 4
237 189 6
196 72 10
38 131 2
359 209 5
19 271 3
56 18 5
83 80 1
77 53 6
116 248 10
292 165 5
270 232 1
229 124 3
75 123 5
80 282 7
37 246 7
199 293 8
364 228 7
167 266 8
51 223 6
6 377 10
222 346 4
221 327 8
387 146 6
56 216 2
124 107 6
11 195 8
70 27 6
254 330 5
345 383 7
379 171 2
176 44 5
145 94 1
126 212 5
109 89 9
85 281 3
373 245 3
312 392 9
101 291 10
139 191 8
209 102 10
143 388 4
97 88 9
388 150 5
29 173 2
209 110 2
196 59 9
189 144 2
226 351 8
256 146 6
252 349 4
157 282 5
371 254 9
53 54 10
38 269 8
31 258 9
82 1 7
232 180 5
150 55 4
261 15 6
133 203 7
291 122 5
332 367 8
226 102 8
127 77 8
10 341 7
121 49 1
43 97 3
178 34 3
113 388 1
154 307 8
32 377 3
69 291 7
223 94 7
198 377 8
219 316 10
248 274 6
237 315 1
212 7 4
178 36 6
289 360 5
250 324 5
394 112 4
169 182 7
346 113 3
275 176 5
26 286 5
345 325 5
66 219 6
338 330 1
377 350 8
179 327 10
100 19 8
8 332 6
103 34 4
186 369 6
152 38 9
238 369 3
208 330 1
130 246 4
78 168 4
385 395 5
24 327 7
81 34 5
43 27 10
181 269 9
236 304 9
361 359 6
56 174 4
348 304 7
306 117 10
141 42 3
63 70 7
106 367 4
214 328 8
218 167 6
305 398 7
55 155 5
238 360 1
114 25 8
243 90 2
222 205 2
225 195 3
247 224 6
231 89 4
345 324 2
202 395 9
168 289 10
248 127 2
386 220 6
348 25 10
96 301 10
257 229 5
185 54 10
127 279 4
384 196 2
360 135 1
36 42 10
72 1 1
390 197 10
108 153 4
168 246 2
247 171 8
46 281 1
150 8 6
15 382 4
169 187 10
0 39 3
243 96 5
114 94 9
365 336 2
9 76 5
15 98 1
211 84 4
291 73 1
166 32 6
397 53 3
37 148 3
313 14 2
256 374 6
97 165 4
362 272 4
98 374 6
71 2 10
377 387 1
316 55 9
249 362 2
16 277 2
372 139 9
398 311 4
104 5 9
399 158 3
87 340 10
36 137 4
144 63 6
172 391 8
290 223 6
249 132 10
380 15 10
345 118 8
296 311 8
58 40 10
296 293 8
96 308 4
107 287 1
233 230 6
336 57 7
269 191 7
398 62 5
39 345 1
109 37 2
121 38 7
145 111 5
74 178 10
204 30 4
59 161 2
387 74 3
18 335 6
265 254 1
359 199 3
79 15 6
293 204 2
212 384 4
118 52 1
358 0 2
230 40 1
193 94 1
157 120 5
279 100 5
47 175 8
333 237 4
331 68 6
320 211 10
190 122 3
234 187 8
196 227 4
110 206 4
216 342 1
92 364 7
288 204 6
16 357 2
185 304 6
261 85 7
295 39 4
297 82 6
308 113 8
299 395 10
19 243 7
88 138 1
187 205 5
369 77 8
264 158 8
208 8 8
338 174 1
186 376 4
218 117 3
233 272 10
15 319 7
210 84 1
342 197 6
26 175 4
187 359 7
157 55 7
336 257 2
323 281 7
349 84 7
371 287 7
391 29 9
342 128 10
197 1 9
27 360 10
397 140 7
140 190 4
264 192 5
384 316 7
20 355 8
276 209 6
132 136 2
368 365 3
323 50 7
141 127 2
296 356 10
298 210 2
205 69 4
392 187 4
77 51 10
109 10 6
1 83 6
301 210 1
16 5 6
116 367 6
48 345 7
199 223 2
10 104 1
358 109 6
363 381 4
68 272 8
73 86 1
212 111 7
116 270 9
170 165 8
348 104 7
286 60 4
385 157 5
236 219 4
232 39 2
89 187 9
12 18 5
130 226 1
398 228 8
391 42 1
339 133 1
322 356 2
384 287 5
107 303 10
37 208 4
47 197 7
41 297 9
130 133 8
46 26 5
391 276 9
31 380 3
86 29 7
40 376 3
258 54 5
254 209 1
53 326 7
344 181 5
206 338 4
394 297 1
151 194 4
362 233 5
320 134 4
392 365 3
213 126 10
273 350 2
124 28 2
257 40 3
190 86 5
145 235 10
13 365 2
203 246 5
96 161 10
187 210 3
138 273 3
266 198 1
290 133 3
382 328 5
195 93 7
227 374 7
345 259 1
219 3 4
32 90 9
98 20 1
183 188 6
63 309 9
50 198 2
105 151 8
315 175 8
320 56 8
21 140 1
318 52 4
202 181 3
57 104 10
304 20 7
93 42 2
258 87 6
30 112 1
299 349 9
221 68 4
22 164 5
34 271 8
203 288 1
300 306 10
375 13 1
26 348 8
24 12 10
50 263 2
377 397 8
269 392 6
106 394 8
24 344 4
375 170 7
372 227 4
119 187 3
204 160 8
94 188 10
330 161 10
303 171 4
66 79 1
286 120 1
78 361 3
117 286 6
137 35 7
369 106 3
309 259 4
243 391 10
212 203 1
154 160 7
96 141 7
9 104 9
107 137 1
349 290 9
227 122 7
386 4 10
316 151 2
48 386 5
110 162 6
99 212 6
75 91 3
234 115 1
219 341 2
28 380 4
107 380 5
236 245 2
190 46 1
94 120 2
385 114 6
318 135 3
169 311 2
321 245 4
198 214 7
300 76 2
118 348 5
13 299 3
2 111 9
257 376 10
4 21 10
366 153 6
328 255 7
26 235 1
140 311 10
219 239 4
123 225 3
271 117 7
320 197 7
316 202 7
203 389 1
24 255 9
81 85 8
240 232 10
43 308 5
279 298 6
137 388 7
69 300 4
8 376 1
40 191 6
216 50 2
382 268 5
58 303 10
140 395 6
197 192 10
40 285 9
305 375 6
28 365 6
91 365 7
61 272 6
342 251 3
130 295 6
85 88 2
242 35 10
4 324 1
11 326 6
79 248 1
181 303 7
57 68 1
321 119 8
339 142 9
118 49 1
86 228 7
333 159 9
21 147 3
134 125 8
238 126 1
358 82 3
354 23 10
236 189 4
104 397 4
229 35 3
371 106 3
48 225 9
201 32 4
277 127 8
59 112 6
70 223 3
156 113 9
196 338 5
67 370 9
149 275 6
287 381 4
275 287 5
204 158 4
219 352 5
189 94 3
24 323 10
324 201 7
134 190 5
112 284 7
41 98 4
270 392 8
135 147 3
91 37 7
381 131 1
5 340 8
282 103 10
217 132 5
36 65 10
181 2 7
265 337 4
13 262 1
190 72 10
221 10 7
119 207 3
269 63 1
16 61 6
17 385 1
5 148 9
67 379 10
53 162 8
111 25 5
155 372 7
335 97 2
177 314 5
190 325 8
277 319 6
155 353 2
356 346 5
351 245 1
146 324 4
364 76 8
44 348 9
175 65 3
398 338 1
66 363 2
205 317 8
72 45 3
171 289 9
239 87 5
154 311 9
56 255 2
298 202 2
190 80 7
247 372 2
84 337 2
155 14 10
62 115 4
7 67 6
322 224 7
320 277 4
386 382 7
200 59 1
348 219 2
176 8 9
396 272 5
107 51 5
268 74 2
261 111 2
337 10 5
330 187 7
53 137 10
362 136 10
348 90 6
134 380 2
156 210 7
159 55 6
201 215 9
213 61 5
16 193 5
208 254 5
364 341 1
21 116 4
294 316 10
277 330 7
46 361 5
157 347 3
178 372 9
382 143 2
86 209 4
291 208 7
86 346 3
151 361 6
239 152 10
255 387 6
59 83 1
158 376 6
218 50 6
341 148 4
38 35 8
270 223 9
334 395 5
312 320 8
113 206 7
142 161 1
304 353 2
114 384 3
28 82 4
74 112 6
121 185 4
25 135 3
328 25 6
218 362 1
155 103 7
292 254 5
263 131 8
233 297 1
391 302 2
387 246 5
138 8 5
38 319 10
391 287 6
230 305 10
48 372 5
206 291 3
171 7 8
140 37 8
95 340 10
162 84 4
154 281 7
180 71 1
344 5 6
59 95 5
28 362 5
68 165 5
341 324 2
107 356 1
371 255 5
296 279 9
154 231 1
207 288 6
90 74 7
293 376 1
227 192 10
381 28 10
33 256 5
115 60 10
265 156 3
19 159 5
113 349 8
115 84 8
362 61 4
318 314 3
339 68 9
394 50 9
380 23 2
64 136 6
166 30 2
344 313 5
30 283 3
368 298 3
182 221 7
67 307 1
244 284 3
266 379 4
319 56 2
221 292 3
142 26 8
70 129 8
17 150 10
2 18 10
6 209 8
290 277 7
138 214 8
188 377 10
314 392 7
56 117 5
375 306 9
187 394 3
293 369 5
393 125 3
269 202 7
95 273 4
297 244 1
329 373 2
133 204 10
170 190 10
347 366 6
279 162 9
281 224 5
237 296 5
137 272 7
128 103 4
284 362 7
138 399 2
215 326 1
253 219 5
62 175 6
14 171 7
124 271 6
46 3 5
184 239 4
192 20 2
115 312 5
389 49 9
252 125 10
341 275 3
297 315 7
41 390 5
203 280 7
302 11 7
147 175 9
158 168 6
231 63 3
91 355 3
91 44 6
79 175 10
315 66 4
113 55 5
100 302 2
305 203 3
379 302 5
214 342 2
100 257 5
389 353 2
7 144 4
307 168 7
226 261 3
109 61 7
302 261 4
186 377 9
70 309 10
130 215 5
84 70 7
184 250 3
288 11 9
283 285 10
121 40 5
370 189 6
288 344 7
81 16 2
81 281 7
149 371 5
361 329 6
183 358 8
321 318 10
14 395 6
57 139 10
110 178 5
212 160 8
289 225 7
160 311 2
286 362 4
162 271 1
253 280 9
243 33 8
216 350 7
306 295 9
148 190 9
304 129 3
278 229 10
194 385 2
373 315 9
170 289 5
232 202 6
350 242 8
187 60 5
249 6 8
2 194 4
196 5 10
141 207 4
184 189 8
337 45 10
110 84 7
222 326 5
365 185 3
286 215 4
62 288 2
180 234 8
59 104 8
258 76 9
325 208 1
70 194 6
369 172 1
227 12 7
161 14 3
145 207 9
27 140 9
274 5 9
67 210 7
266 92 1
234 368 5
43 150 4
46 265 8
79 344 2
333 195 7
302 186 1
398 286 1
109 256 4
108 324 9
68 369 9
178 149 7
13 6 3
296 351 5
26 332 7
338 251 9
229 344 1
361 118 6
330 346 6
59 186 8
154 21 10
27 390 9
121 291 10
399 244 9
111 233 7
204 362 6
271 367 5
40 9 9
162 390 4
276 311 6
68 281 7
354 243 1
376 218 6
158 105 10
206 278 5
327 125 7
0 77 3
194 10 4
194 356 2
119 229 10
361 213 2
305 327 8
287 358 7
317 179 6
251 350 1
297 84 6
100 1 10
17 96 1
330 155 8
381 343 6
320 190 8
166 315 3
334 293 2
151 137 1
352 164 3
105 333 8
344 374 9
85 64 10
79 89 2
332 212 8
114 362 5
286 71 2
70 358 5
74 120 4
124 230 6
29 322 10
324 58 6
61 178 9
312 293 2
119 314 5
166 313 4
68 87 6
324 382 7
108 382 3
227 89 8
310 263 3
396 30 7
95 46 10
345 226 5
221 88 7
12 217 3
7 186 7
20 76 9
310 374 10
196 343 4
394 105 9
162 167 5
22 275 4
51 70 4
186 13 10
232 109 3
123 106 4
261 335 9
370 33 4
239 396 7
294 274 2
186 146 8
389 65 5
36 338 1
232 103 4
395 315 5
87 315 4
110 336 8
378 83 5
67 258 9
336 270 8
184 44 6
356 139 10
141 52 4
372 190 6
399 272 7
76 345 6
285 277 5
41 295 5
9 388 1
285 272 8
213 252 1
258 213 6
42 286 2
182 204 4
340 168 4
379 106 10
297 376 1
202 178 3
201 354 6
259 244 3
184 219 4
190 231 3
128 251 6
309 272 6
176 326 3
174 193 2
328 243 5
293 96 5
371 25 1
270 100 4
314 269 4
358 161 7
197 353 4
248 373 8
318 284 5
16 129 4
353 151 9
284 144 8
160 321 6
155 230 5
251 205 5
363 225 3
297 285 5
57 162 10
396 142 7
23 118 9
98 262 5
203 266 5
67 74 1
193 297 2
155 65 4
58 141 4
94 163 2
279 83 10
66 260 2
280 393 7
352 191 3
337 277 3
262 205 6
251 161 3
6 339 7
191 137 9
34 60 2
365 19 7
218 368 2
191 303 2
112 299 8
74 113 1
367 110 7
5 362 9
313 384 4
316 41 8
368 260 1
21 17 5
179 166 1
41 388 7
201 352 10
213 335 2
313 339 3
61 247 2
359 282 1
235 340 8
167 32 7
268 167 7
236 340 6
396 387 3
125 60 5
209 58 6
290 217 1
130 89 3
195 36 3
112 189 7
175 361 6
153 90 4
224 189 3
399 324 2
46 303 6
194 320 3
319 143 6
46 309 7
338 96 1
321 40 7
362 71 4
311 303 7
359 133 2
230 23 3
234 280 9
279 81 10
231 352 7
9 67 6
176 220 3
74 39 6
356 397 3
142 110 8
397 161 2
214 158 9
222 287 9
391 70 7
194 62 1
121 376 10
205 257 6
371 311 5
194 269 4
40 173 7
271 340 9
262 273 6
317 339 6
336 39 2
39 160 4
195 55 8
98 360 6
88 23 4
198 121 5
82 282 5
310 196 8
221 8 1
204 180 9
309 30 9
351 144 7
338 162 8
36 337 5
244 88 1
343 191 6
34 379 2
189 140 2
286 312 7
164 371 6
297 190 10
354 16 1
346 69 1
219 108 2
74 23 9
75 68 5
396 350 7
275 76 3
13 3 5
199 42 4
116 238 7
86 359 3
217 3 3
233 273 6
256 20 4
100 125 4
275 225 2
59 64 7
295 342 6
108 171 4
255 246 2
386 53 4
342 285 5
161 86 3
144 184 10
327 209 1
230 289 1
78 279 1
9 369 8
284 95 9
103 281 3
353 214 9
334 76 8
384 394 10
139 158 6
310 214 4
219 339 6
250 215 6
101 249 9
55 140 10
54 153 9
272 376 5
100 103 9
180 275 1
140 276 1
64 76 5
14 162 1
302 287 7
294 201 9
2 198 1
224 200 6
258 208 4
397 258 6
225 85 10
143 188 7
204 8 4
174 215 1
290 64 3
359 64 4
229 336 9
97 45 5
348 252 4
65 316 10
176 266 4
82 107 8
394 281 1
188 222 3
38 232 8
128 50 7
102 320 3
313 230 7
199 326 9
304 107 10
70 296 7
352 349 3
193 250 3
318 347 9
225 121 3
341 286 2
287 46 3
374 392 8
239 111 10
49 399 4
104 314 9
323 79 4
54 223 7
337 102 3
30 295 5
33 295 1
320 58 4
237 105 9
181 281 5
300 154 5
380 96 1
339 80 5
357 39 4
233 3 3
140 9 3
128 235 8
72 239 7
197 317 10
50 225 8
120 245 7
288 185 3
5 132 5
360 304 8
298 22 3
268 212 2
161 179 8
21 206 7
371 218 3
108 137 10
113 178 1
334 118 10
112 237 2
31 171 7
134 159 2
259 379 2
268 105 6
318 105 7
285 287 4
289 372 7
321 309 7
155 5 4
235 38 3
105 137 10
369 209 7
175 57 2
112 295 10
150 313 2
299 252 3
249 85 1
37 373 9
359 26 6
130 351 10
239 398 7
394 389 4
385 173 7
53 46 8
63 113 9
43 86 6
47 154 10
135 345 8
248 348 6
201 374 3
235 123 8
190 66 10
159 167 8
283 15 7
55 203 9
33 112 4
308 162 7
104 22 1
380 381 1
114 138 7
32 74 5
96 54 10
3 63 9
166 284 10
332 233 5
117 202 9
22 19 7
203 147 9
280 298 9
38 72 5
83 140 1
61 317 3
395 396 9
203 162 5
40 369 7
388 192 5
258 22 5
342 321 5
340 274 7
191 377 1
336 360 9
244 276 4
262 270 4
67 277 1
96 14 9
312 123 6
209 84 2
174 225 1
83 234 6
142 146 10
17 224 9
15 93 9
373 281 5
77 296 2
166 172 4
207 202 3
329 135 7
218 360 9
355 153 2
352 319 4
287 71 1
57 242 5
96 56 1
133 214 6
89 1 10
250 339 4
281 367 7
148 238 9
376 390 8
52 377 10
273 140 10
354 225 2
63 17 8
151 65 5
289 79 4
210 1 7
138 262 9
16 86 5
289 350 6
307 243 4
399 287 5
66 382 3
30 193 10
207 320 6
329 140 1
70 151 2
366 13 2
313 237 9
363 189 5
247 376 10
359 71 6
283 67 2
393 70 10
293 379 7
22 15 4
195 114 5
201 119 8
284 49 4
84 62 2
257 7 2
0 206 8
263 150 6
43 261 8
134 292 10
374 15 1
151 31 7
186 195 2
31 361 3
206 242 8
73 81 1
324 228 10
231 222 5
168 266 3
218 293 9
329 289 4
82 92 5
91 147 4
249 383 1
350 101 6
377 122 9
211 187 2
273 93 5
360 215 2
36 244 10
370 171 4
71 392 3
282 192 1
60 234 3
304 311 10
245 154 3
111 230 3
188 175 1
26 31 6
258 135 1
118 80 10
267 172 7
18 189 2
343 244 3
229 309 10
149 12 8
134 186 2
60 362 1
49 162 9
88 301 7
70 234 7
212 231 6
314 362 8
48 375 4
171 299 10
11 240 7
220 322 3
277 339 9
264 174 10
373 42 1
166 203 3
75 292 10
149 14 4
142 46 5
240 189 2
144 322 6
124 81 8
331 196 6
72 238 4
316 335 1
112 158 1
350 301 5
354 293 6
289 177 5
143 290 6
98 55 7
313 107 6
370 73 5
40 59 3
199 178 3
24 331 1
117 231 1
63 240 8
261 135 5
126 222 9
336 51 1
310 228 10
180 282 4
263 137 3
190 127 9
217 364 3
365 255 1
363 152 2
258 132 2
281 391 1
83 186 6
216 27 5
33 304 8
145 344 3
2 38 10
95 33 3
354 47 4
37 82 10
241 48 5
292 12 4
397 254 3
177 193 9
167 102 7
41 163 4
1 364 4
297 151 5
335 209 9
310 149 3
147 114 10
222 64 2
144 252 8
324 41 8
250 391 6
79 205 7
285 145 6
57 77 2
98 178 6
160 255 6
226 257 10
352 82 1
193 224 8
349 40 6
389 200 7
362 125 5
382 294 3
113 306 6
360 266 4
384 80 6
249 363 1
294 44 9
232 391 6
162 290 6
234 62 3
253 151 5
190 38 7
217 74 3
59 14 10
245 182 8
335 66 3
170 391 9
344 128 3
396 36 3
46 11 4
79 53 9
382 366 2
22 222 3
55 307 7
386 279 4
69 21 2
286 360 2
198 238 10
34 146 2
52 67 8
329 259 5
86 60 9
314 186 1
381 339 10
57 186 1
159 372 5
314 44 6
164 389 7
213 95 3
16 266 9
398 304 8
291 32 5
263 209 3
33 84 3
376 220 9
42 79 3
131 139 8
297 90 10
12 209 3
78 352 6
193 168 1
230 127 4
176 295 8
275 323 4
379 74 1
24 232 9
87 231 5
311 120 1
191 170 2
120 117 5
20 251 7
266 232 8
48 35 1
328 158 1
122 163 9
277 326 2
325 274 2
121 112 4
387 33 4
147 352 5
249 158 7
349 373 10
88 296 6
290 205 8
237 134 2
5 93 5
43 387 5
366 367 9
390 52 2
173 60 2
182 70 9
260 329 4
10 219 4
56 213 6
70 113 10
294 152 3
113 155 3
212 59 3
265 332 6
311 250 4
74 155 1
15 58 10
117 343 9
340 266 9
119 335 2
379 132 5
340 372 10
382 338 2
208 236 4
386 55 6
124 362 1
379 177 2
210 174 4
31 393 9
194 106 9
116 2 9
349 125 3
107 149 7
96 26 3
84 163 7
144 145 4
338 110 4
269 51 5
132 339 5
263 258 2
311 22 8
14 217 9
72 366 8
288 237 7
183 214 5
348 164 7
399 27 9
394 390 9
178 305 6
252 152 4
279 308 1
397 45 6
376 273 10
370 235 10
31 341 2
337 286 2
70 93 7
308 47 4
318 202 10
14 187 3
337 104 9
129 215 10
252 218 4
209 202 10
24 238 9
211 79 9
140 45 2
183 10 1
115 236 6
60 160 9
43 353 9
125 79 10
222 3 8
294 118 7
354 128 10
155 237 8
345 173 5
250 312 6
269 325 8
297 11 10
359 122 9
139 27 10
206 19 10
273 318 9
314 204 5
387 316 10
395 398 4
252 232 8
224 117 8
211 208 4
343 76 4
320 20 2
164 171 8
306 3 2
72 108 3
350 40 1
92 233 2
259 33 6
135 194 4
55 66 7
120 193 7
215 148 10
273 378 7
302 73 10
222 271 9
222 190 2
298 1 3
280 358 5
256 225 7
353 390 4
22 302 4
176 113 7
71 207 1
11 139 2
157 381 7
77 223 10
230 64 7
128 64 9
77 23 6
118 228 1
71 379 4
130 294 9
114 37 2
54 2 4
151 145 8
137 301 2
235 150 6
8 193 6
136 351 1
360 213 10
354 346 7
228 147 10
187 184 10
244 197 10
383 223 6
271 157 7
190 248 3
360 189 7
131 80 6
298 316 8
48 28 8
139 230 9
36 389 9
340 392 8
175 90 6
172 306 6
107 350 3
262 196 9
66 153 4
63 103 8
256 287 5
296 183 3
69 181 1
328 157 6
6 246 2
123 147 9
376 61 5
279 125 5
269 371 5
381 189 7
359 43 3
378 289 6
35 364 10
292 170 8
152 326 2
357 391 1
234 253 5
236 29 2
48 265 2
162 117 6
235 114 8
190 164 7
256 181 1
157 80 4
89 144 4
190 15 8
271 381 2
142 294 2
384 203 9
106 277 2
29 185 7
293 69 8
50 147 1
373 118 3
268 390 5
154 337 2
66 356 8
44 221 6
209 309 1
351 80 2
323 162 4
85 360 6
252 362 1
115 222 9
343 189 7
265 96 9
325 214 1
235 215 5
197 310 2
111 31 5
315 158 10
259 235 3
370 301 5
296 301 8
76 376 9
46 321 3
316 39 8
97 102 4
335 113 10
186 177 10
328 124 5
384 55 10
339 291 2
2 63 3
198 100 3
301 132 10
71 73 1
266 246 5
325 338 1
250 365 6
2 219 10
369 100 8
291 364 7
236 367 6
104 334 3
9 54 7
276 259 5
189 168 1
183 166 5
344 133 10
284 350 9
42 24 5
262 382 5
399 90 9
73 187 5
160 145 9
195 120 7
151 385 7
322 131 3
40 200 4
318 47 4
348 225 3
85 114 4
231 101 4
120 272 4
205 111 10
227 205 6
122 51 10
227 183 9
388 176 4
364 378 4
337 271 4
15 90 10
176 150 10
263 120 10
23 178 9
373 60 5
207 298 10
365 366 1
302 189 5
291 351 9
114 253 3
60 6 10
341 103 7
121 294 7
80 322 10
210 345 1
267 217 4
262 76 10
27 3 4
230 275 4
36 79 9
163 2 5
21 309 7
143 315 10
232 253 1
161 33 9
9 81 6
234 206 6
352 379 1
350 121 8
289 25 6
28 50 10
65 364 4
195 362 7
306 374 6
249 5 4
54 190 10
290 141 2
236 264 7
149 344 4
23 91 5
226 189 2
299 49 7
148 1 1
84 300 10
242 364 3
18 32 4
316 283 8
392 47 8
240 139 8
65 371 7
111 381 10
163 173 10
159 250 3
325 30 10
389 241 10
107 115 5
150 379 6
53 208 9
71 296 3
122 262 5
335 162 5
238 111 6
351 269 9
200 365 6
382 275 6
195 82 3
253 213 2
323 356 10
20 343 9
124 295 1
80 308 8
241 176 7
236 125 6
355 137 7
87 54 8
388 189 8
26 275 7
292 159 6
126 146 5
152 88 6
257 381 2
316 247 5
15 272 3
396 102 5
91 115 8
179 15 4
70 196 1
285 298 2
17 350 10
253 9 5
312 84 10
363 159 4
39 253 2
2 14 8
334 346 8
147 363 10
9 329 7
83 391 7
21 58 2
192 356 4
344 353 2
95 193 5
158 395 7
67 346 3
332 168 9
186 85 4
200 184 8
370 17 2
332 390 3
353 17 7
241 254 1
71 281 4
116 143 3
174 180 6
283 246 2
295 335 1
311 331 4
328 39 2
146 187 3
4 327 7
375 188 3
324 19 1
324 107 8
277 193 2
121 317 2
173 32 9
12 295 5
30 228 3
132 54 5
42 67 8
166 226 3
326 321 7
288 183 3
353 186 7
175 314 2
7 164 7
18 289 5
25 317 9
361 134 8
280 325 4
152 325 2
9 194 3
37 138 3
124 383 10
67 251 1
329 17 8
249 17 4
174 185 9
267 9 7
168 310 10
354 288 6
184 41 5
304 111 6
279 75 8
367 239 7
45 256 5
341 334 7
301 334 10
311 320 10
235 359 10
218 152 9
156 40 7
373 270 1
202 353 4
384 382 3
98 176 9
218 297 8
74 72 1
262 25 3
82 182 10
43 139 1
333 137 10
317 146 4
382 87 2
282 388 4
11 83 5
59 382 10
289 150 4
243 237 5
110 94 9
365 31 6
3 333 3
233 398 2
98 369 9
15 318 6
398 283 10
69 397 5
140 307 5
273 261 3
71 338 7
371 372 3
131 275 8
144 251 8
223 351 1
302 390 3
188 92 5
263 281 5
58 217 9
119 219 6
182 336 7
170 0 3
114 221 3
39 77 3
144 335 7
125 6 2
264 224 8
170 272 8
27 250 5
182 166 1
103 211 5
66 244 10
117 333 5
375 248 9
12 31 7
45 191 3
207 79 6
141 55 1
398 108 9
43 46 3
89 304 10
61 159 4
265 216 3
308 133 8
51 287 5
308 330 7
392 97 7
46 317 4
87 365 6
156 72 5
311 335 2
196 143 3
256 51 4
329 346 5
246 165 7
235 79 9
374 156 7
143 57 3
256 189 6
210 276 4
388 236 4
363 141 8
203 217 1
206 298 4
304 345 6
380 227 4
255 285 5
55 178 1
66 145 7
17 211 5
38 153 8
392 390 1
125 137 5
210 163 2
40 384 5
73 325 10
236 350 4
323 352 6
88 327 9
46 231 4
154 131 10
34 125 7
303 60 5
284 148 10
239 207 10
174 395 9
27 389 6
116 47 10
286 95 10
326 320 1
44 212 6
16 14 1
359 245 6
151 390 8
274 233 1
143 265 3
175 88 1
366 85 4
365 154 10
174 382 7
349 331 10
35 139 10
343 247 4
125 12 1
176 297 4
37 254 8
276 193 4
265 393 7
117 256 3
270 115 9
343 143 10
124 345 7
387 276 2
225 78 3
96 146 6
214 252 4
377 247 8
238 393 2
196 206 10
109 183 10
301 46 8
332 60 3
302 250 2
329 13 8
24 379 7
347 382 3
362 332 2
326 238 2
102 264 2
220 130 7
122 107 4
94 357 8
98 335 2
7 118 6
266 73 7
299 23 4
38 187 8
272 334 2
246 340 8
143 79 4
24 34 4
301 102 9
386 145 4
167 78 5
313 298 10
336 13 3
129 284 6
218 295 3
16 204 10
261 357 2
135 199 9
2 176 6
300 274 3
272 239 10
81 118 9
382 44 4
31 65 8
333 204 1
349 380 4
156 94 10
366 155 10
317 262 10
107 13 10
366 14 1
215 368 9
287 393 5
81 31 5
148 369 4
338 124 4
359 250 5
387 135 5
260 107 3
294 286 3
56 55 3
137 336 1
101 332 10
291 220 3
361 84 10
87 368 1
68 334 6
204 157 7
203 342 4
195 260 4
363 329 3
160 87 3
44 166 7
172 147 9
363 61 2
98 174 9
164 293 5
97 267 5
379 347 9
286 56 6
260 365 4
142 220 4
166 114 2
369 311 3
259 237 3
314 118 8
264 177 5
316 344 9
13 122 4
259 392 6
44 334 1
336 195 4
209 57 4
242 93 4
267 12 9
236 215 7
239 385 7
162 172 1
170 371 5
378 232 3
212 326 2
36 51 3
72 226 4
112 384 2
170 186 3
134 24 3
219 391 7
91 40 5
119 149 2
89 68 3
335 278 6
366 26 5
169 123 5
217 246 2
146 255 1
352 125 7
276 389 9
143 329 2
199 226 5
61 148 1
162 288 8
346 362 10
109 262 5
28 379 8
221 394 1
20 290 6
387 302 10
38 262 2
242 260 3
56 131 8
307 132 1
206 304 8
77 314 1
57 361 4
96 167 4
308 214 5
292 198 10
341 343 5
213 311 1
108 54 4
74 346 8
30 115 9
383 69 8
350 202 2
39 261 8
354 271 3
150 236 3
196 261 9
25 47 5
98 94 9
313 55 9
258 161 6
7 397 9
79 118 4
52 78 10
167 156 8
331 299 3
318 208 10
198 69 3
302 361 5
59 389 2
94 51 5
80 270 10
251 93 10
232 360 10
99 375 7
374 391 4
264 291 10
65 340 2
101 153 1
396 114 3
3 372 1
109 319 8
337 290 3
339 46 4
8 39 3
94 257 8
108 33 9
395 72 3
104 36 5
390 282 3
211 116 9
241 277 1
317 44 10
74 332 2
83 308 1
141 284 2
3 354 8
313 228 3
243 74 9
176 58 1
24 131 5
368 127 9
178 59 4
354 232 10
291 318 7
167 125 10
138 168 7
347 301 1
7 334 8
262 266 6
246 183 10
162 259 7
127 254 3
183 318 2
57 79 5
370 146 2
316 35 10
114 197 9
125 254 2
334 182 4
44 332 6
94 298 8
137 275 2
135 136 8
156 244 2
100 16 6
110 198 1
321 322 8
173 161 9
283 201 1
316 274 9
112 21 8
201 85 6
71 181 3
283 288 3
148 65 5
214 314 4
33 271 10
280 106 7
200 130 8
110 296 3
23 240 1
376 52 3
24 130 6
390 382 7
228 240 2
345 249 2
81 200 7
144 16 8
213 395 1
85 363 2
148 221 1
317 362 9
265 301 6
21 290 4
393 171 6
116 135 3
150 234 8
149 329 1
158 256 5
182 108 6
13 313 9
362 229 4
361 152 10
235 258 3
358 20 1
256 336 3
6 379 4
31 266 4
370 132 5
296 223 8
42 74 10
355 105 10
203 361 8
242 249 10
277 191 3
291 103 8
213 70 2
316 108 1
256 337 3
27 268 7
56 82 4
249 396 9
72 82 6
343 23 1
145 261 5
393 189 3
82 224 6
326 393 1
398 391 10
3 347 1
313 32 2
293 283 8
166 49 10
43 316 8
210 39 6
5 324 3
300 162 7
9 230 4
133 350 4
113 186 10
45 292 1
141 292 7
34 171 10
117 373 9
170 3 3
39 81 2
358 387 9
82 228 8
204 37 6
397 88 2
208 373 5
166 322 5
11 30 8
30 239 3
364 73 8
50 209 8
68 27 4
39 339 4
219 268 6
341 393 2
341 220 7
136 102 6
66 28 5
71 342 6
159 280 2
81 334 10
114 298 2
142 27 5
130 326 7
301 377 7
129 252 1
29 286 2
85 8 4
133 347 7
197 86 9
245 288 10
185 31 9
326 294 5
45 355 8
393 149 5
131 1 4
120 271 8
144 105 5
198 212 1
189 175 8
226 311 9
373 262 10
43 146 5
290 353 2
45 24 4
330 237 6
110 140 4
116 160 10
25 5 7
128 325 9
33 164 5
360 274 1
61 218 8
157 53 9
326 180 4
265 260 8
214 327 9
120 254 7
241 116 3
109 305 2
275 308 6
20 272 7
136 243 5
320 40 8
340 352 2
15 330 7
261 179 4
231 36 9
137 7 5
101 308 8
49 334 1
290 88 8
261 104 8
261 54 10
211 87 7
105 23 6
323 342 8
166 387 9
396 7 6
37 15 5
42 267 9
26 290 4
345 277 3
191 281 8
229 391 3
395 321 2
48 183 2
59 314 8
40 138 10
149 296 8
231 243 4
353 267 3
229 248 4
182 304 4
122 279 10
63 27 8
308 129 5
396 329 9
324 334 8
311 329 8
294 65 3
372 382 1
143 362 9
136 294 3
214 301 7
309 252 4
115 311 1
276 72 6
385 176 6
54 211 6
353 95 10
329 150 3
373 239 7
255 284 3
255 85 10
172 187 8
340 104 10
5 373 1
229 208 9
371 163 8
108 94 4
320 354 6
327 174 4
237 151 7
262 200 10
197 282 5
220 212 9
345 282 8
5 36 10
147 155 7
140 153 9
88 165 8
148 256 7
103 370 4
297 40 10
95 73 10
115 87 3
109 291 10
329 95 4
169 347 10
52 380 1
331 373 3
29 325 9
68 386 7
65 319 5
0 103 9
174 189 7
277 132 8
26 30 7
162 200 8
356 309 3
48 205 10
264 46 4
324 37 8
19 82 8
257 16 8
389 265 5
33 27 9
115 262 7
297 43 8
367 326 4
224 47 3
390 126 8
266 18 2
283 236 10
322 104 10
124 153 2
95 32 6
274 180 7
268 213 5
3 147 10
9 118 4
61 35 10
325 197 10
12 147 6
340 23 10
135 43 3
64 259 9
152 7 10
250 115 8
270 365 5
124 20 7
159 204 10
2 136 9
221 218 8
263 293 7
261 306 2
85 51 4
394 186 3
267 15 9
172 251 3
163 16 7
296 264 3
386 8 4
12 122 5
277 153 1
164 185 10
300 107 2
108 375 3
226 369 6
127 209 8
210 118 9
277 344 2
216 312 3
350 71 5
147 87 2
206 301 2
254 398 10
206 211 5
357 286 7
272 194 3
301 136 2
218 302 4
202 126 7
85 54 5
187 129 7
386 235 7
117 44 4
7 273 9
228 277 2
386 173 9
249 316 5
283 46 1
282 316 5
331 78 1
74 78 2
379 225 8
71 52 2
251 39 7
355 317 9
104 213 8
328 340 10
204 285 5
206 231 6
310 56 8
179 282 8
281 390 1
214 149 8
314 69 8
91 247 5
190 272 7
33 82 2
348 136 1
171 119 10
113 344 10
36 165 2
23 94 5
248 86 9
148 232 9
206 9 8
387 177 4
372 100 6
336 312 2
397 115 1
159 335 9
113 282 4
82 172 1
383 217 7
352 11 3
34 54 9
287 363 5
280 68 7
379 139 1
209 316 1
160 209 3
337 124 1
179 338 6
212 116 6
183 57 2
37 110 10
146 56 4
179 118 3
185 127 9
221 380 9
338 135 1
125 97 3
196 285 2
296 244 6
120 32 10
385 365 6
330 382 4
61 280 7
169 209 5
100 357 1
222 310 2
166 81 4
108 56 6
24 153 5
340 180 10
209 358 3
262 47 3
157 152 6
142 62 4
189 321 3
220 173 4
159 324 2
9 191 3
199 57 3
346 302 4
356 328 2
110 8 4
327 186 1
4 280 5
74 301 7
31 179 10
167 361 5
346 399 2
237 285 8
117 134 7
270 395 3
192 150 3
305 140 7
383 272 7
363 318 8
131 279 3
241 58 7
122 344 6
359 270 2
77 246 6
41 86 1
345 192 3
398 128 8
338 122 2
308 151 1
363 350 4
195 236 9
44 398 8
385 140 5
169 85 8
193 220 8
148 281 8
18 124 10
210 106 2
201 62 4
332 348 3
207 99 3
323 262 1
343 31 9
234 84 3
50 114 1
300 144 4
374 163 3
164 66 9
286 22 6
328 389 3
73 309 6
379 324 9
322 244 6
346 301 10
19 166 9
276 361 6
302 295 6
130 168 2
229 117 7
29 73 1
364 373 2
202 397 9
384 44 9
215 295 4
77 384 10
260 304 3
69 163 8
105 190 6
166 12 9
331 20 2
141 239 5
249 186 3
45 350 9
266 148 3
6 156 5
261 108 7
244 199 8
156 3 9
118 65 3
109 197 10
306 303 3
70 285 8
326 145 6
242 134 4
135 4 7
161 246 9
173 195 2
176 249 5
369 399 2
104 211 1
253 25 3
151 66 6
22 319 5
23 71 4
164 278 4
24 361 10
257 359 8
11 311 8
210 300 2
187 239 6
98 352 10
294 182 1
360 390 1
368 111 7
284 147 10
101 34 4
18 159 5
162 161 10
341 182 4
55 182 1
3 376 2
223 9 4
216 348 10
252 285 1
293 149 6
290 93 2
56 234 8
329 171 4
43 292 5
42 38 8
200 183 10
366 120 5
290 389 6
272 394 9
300 4 2
103 38 10
126 186 6
167 158 9
319 28 5
177 144 8
162 150 3
395 53 9
21 36 8
290 166 7
111 128 4
240 185 4
278 7 10
145 291 10
363 268 3
278 280 7
234 235 1
190 331 9
111 207 1
56 238 3
133 335 9
285 354 6
356 252 4
256 28 1
255 149 9
61 327 8
389 379 4
323 144 4
2 171 7
47 106 1
215 384 7
289 219 6
377 317 2
296 118 5
15 365 7
71 240 10
389 122 10
301 285 4
319 311 4
24 298 7
78 334 2
235 314 8
90 343 4
345 109 1
117 291 10
371 237 6
128 237 9
36 14 6
180 318 7
157 107 3
119 306 6
322 221 9
201 303 3
71 182 4
53 10 5
166 338 1
9 310 4
174 40 4
198 372 10
321 14 6
261 221 5
336 38 9
154 345 1
197 259 10
162 7 3
388 259 3
116 74 9
31 367 6
361 284 1
282 9 3
189 246 5
129 81 1
136 312 2
104 81 7
362 275 1
96 339 8
293 381 1
233 374 7
321 299 2
43 16 7
178 30 3
98 8 7
378 362 9
144 219 7
78 69 6
367 346 3
40 347 6
20 126 7
178 203 7
69 255 2
357 65 2
124 136 7
65 299 10
125 51 4
0 163 6
307 261 3
10 129 7
317 342 10
159 29 6
100 111 8
86 273 5
285 136 1
144 225 1
62 395 8
78 392 10
205 177 8
365 262 7
10 113 10
366 329 10
325 303 4
268 308 7
45 9 10
236 239 6
331 250 8
81 48 7
15 311 6
102 99 7
33 74 9
201 129 10
267 84 9
203 69 7
102 9 7
376 249 3
305 135 5
226 50 5
15 358 5
18 104 5
244 335 3
302 392 2
387 247 5
28 330 9
165 168 7
1 166 4
112 35 8
98 209 5
89 262 7
366 77 3
192 78 7
135 52 10
328 117 2
113 382 8
398 299 9
289 243 9
139 159 4
282 261 1
167 137 5
342 178 9
362 181 4
305 99 9
289 396 1
134 203 2
198 259 4
22 138 8
119 129 3
378 206 1
359 151 8
166 29 8
149 239 3
263 242 1
56 98 3
285 10 6
70 268 7
316 349 4
267 82 9
195 276 9
238 186 5
169 276 2
17 344 3
353 15 9
271 94 6
206 161 9
286 70 4
324 366 9
289 251 2
269 295 9
69 100 5
56 296 4
207 301 8
76 268 2
71 264 2
21 381 6
140 72 2
78 177 2
31 186 2
16 150 2
315 270 3
273 298 8
140 184 6
307 329 6
333 31 6
75 186 1
328 247 6
14 331 6
212 6 7
168 83 2
253 165 7
132 346 2
362 319 4
126 97 9
246 326 9
333 225 4
259 146 10
230 278 2
209 96 8
292 381 6
34 17 3
385 317 9
294 171 7
33 356 3
27 189 2
368 61 1
229 312 1
10 195 5
350 83 4
203 127 7
137 356 2
381 231 10
52 223 2
146 118 8
64 375 7
360 1 4
7 182 2
54 164 8
310 267 5
349 314 2
211 100 9
314 43 6
253 227 10
324 57 7
271 218 8
94 141 10
152 331 9
194 324 8
191 333 9
114 173 7
199 261 5
53 304 7
19 313 7
171 82 8
371 335 8
243 46 10
205 60 6
216 63 7
171 236 5
326 325 9
40 393 10
317 56 10
383 108 6
397 373 6
96 148 4
11 231 7
52 275 1
127 36 7
108 305 7
40 100 2
165 71 2
357 306 2
245 113 9
275 247 9
303 352 4
266 227 5
215 352 5
383 113 7
370 259 9
360 47 1
269 70 2
50 289 7
74 212 3
152 140 7
290 192 5
210 299 1
325 175 8
126 373 2
154 19 10
372 235 8
279 171 8
134 251 2
393 10 3
379 289 2
237 55 6
293 368 8
76 73 7
301 180 7
154 201 7
288 266 5
136 63 8
311 53 9
182 67 6
213 227 1
73 56 8
253 13 2
339 2 3
141 298 1
42 105 6
23 75 1
378 274 5
385 227 7
349 37 8
96 23 7
10 278 7
138 14 9
318 91 7
373 399 5
353 32 1
368 134 8
244 47 6
24 362 8
167 311 6
144 226 7
235 63 3
361 169 3
387 382 4
346 52 9
315 357 8
22 26 8
168 386 4
215 280 9
64 19 10
51 254 8
106 154 3
14 383 9
348 335 7
46 162 3
341 41 3
321 66 5
241 260 1
372 99 3
177 164 1
263 91 3
20 237 5
348 387 10
362 201 8
62 327 10
20 278 4
38 144 6
148 326 9
23 0 9
64 217 9
125 307 1
243 310 4
272 63 5
166 31 7
122 175 1
304 301 5
230 65 9
252 23 8
316 126 6
2 283 6
391 124 7
142 238 8
155 116 8
359 399 5
360 81 3
27 355 10
331 194 8
351 137 6
149 115 7
284 201 1
227 27 9
114 19 4
113 133 5
28 162 8
43 269 2
32 168 6
109 397 10
37 56 10
63 67 8
131 306 6
54 225 3
239 338 8
203 79 4
134 228 6
312 152 1
46 55 3
58 333 2
268 393 10
84 82 9
320 22 6
52 391 8
291 180 5
103 336 4
138 270 3
139 304 2
383 27 4
49 341 9
107 301 7
377 5 3
59 361 8
118 195 4
81 399 8
32 229 3
338 184 2
237 26 1
316 391 3
284 356 4
328 234 5
175 377 10
175 261 8
91 155 8
82 370 5
139 383 6
45 325 9
236 68 7
265 179 10
64 157 6
48 285 2
204 114 5
272 150 6
182 349 4
110 68 5
133 278 4
365 283 6
166 330 9
30 39 1
346 79 2
189 326 5
294 352 5
143 52 4
32 48 4
287 234 3
185 68 1
361 399 3
204 45 5
233 334 8
105 306 9
63 254 1
155 223 2
56 36 10
374 279 10
164 287 5
137 268 5
264 283 10
180 86 8
308 208 8
73 332 3
331 167 4
314 365 2
308 278 10
234 372 4
165 239 10
248 122 7
133 269 1
31 196 9
316 46 6
362 31 1
236 7 2
381 367 9
3 311 9
376 111 10
213 295 6
298 47 9
180 354 8
131 230 2
203 132 7
33 137 1
192 221 9
188 311 6
240 118 4
170 92 5
233 255 5
242 37 3
187 344 8
7 111 4
378 129 10
80 298 10
126 43 9
232 190 4
230 358 2
60 367 2
47 274 1
305 47 4
122 99 2
178 279 4
90 223 4
56 247 2
219 37 10
143 89 8
333 270 1
386 384 2
321 120 9
122 144 7
376 33 5
86 47 6
28 179 2
161 336 3
253 295 8
166 289 3
24 181 10
340 106 8
249 334 8
243 371 7
163 301 9
299 192 9
349 85 5
105 388 4
249 399 2
208 239 5
24 339 7
73 241 8
189 248 2
354 62 2
353 62 1
108 381 1
213 299 3
205 182 3
113 194 3
36 154 1
273 25 1
94 269 9
191 272 5
363 374 2
233 372 8
280 390 8
243 223 10
304 55 2
273 360 3
243 59 7
295 148 8
125 25 10
122 49 9
251 157 3
380 383 8
80 10 7
323 169 1
108 87 4
341 87 2
363 286 8
25 86 5
72 334 2
90 285 9
326 239 2
178 157 5
133 237 7
388 348 8
8 148 8
54 301 3
249 24 7
163 50 1
63 228 2
16 313 2
270 236 8
199 144 8
67 40 9
360 308 2
366 194 6
326 62 9
74 316 2
194 174 9
286 2 5
305 138 6
264 52 6
30 294 7
214 217 10
82 126 10
212 304 5
213 8 10
329 110 4
269 356 6
340 98 3
252 387 7
270 326 8
94 313 10
25 194 5
155 365 9
69 12 2
353 315 5
60 74 7
246 322 7
1 340 7
250 320 7
59 157 10
124 170 2
36 249 4
183 54 10
30 55 5
11 316 8
2 141 7
245 73 1
58 159 1
32 294 1
227 91 1
229 38 2
238 258 6
24 155 10
36 84 6
240 150 10
351 171 8
44 337 10
132 181 3
353 194 4
76 38 10
65 318 1
85 251 7
169 93 3
86 341 6
229 23 2
266 169 6
212 182 10
194 332 6
29 125 6
337 241 9
162 192 10
54 256 4
195 349 4
62 249 1
18 389 5
162 68 7
396 200 3
378 240 6
178 336 8
37 275 10
297 162 8
376 267 2
87 338 1
359 283 9
321 334 1
1 14 5
35 274 9
87 208 4
17 45 3
131 256 3
44 101 2
22 207 10
71 344 9
245 348 5
37 248 10
301 153 9
65 42 1
245 133 8
355 92 7
308 354 7
368 343 5
381 124 10
139 258 6
381 41 3
258 356 6
41 185 7
398 377 5
222 2 3
165 385 9
86 361 8
21 55 9
39 237 9
201 287 8
338 13 10
29 105 4
184 228 5
191 18 6
95 27 6
101 208 7
102 142 1
196 225 5
348 121 5
286 99 10
46 263 9
191 188 8
223 172 1
310 217 1
360 355 6
138 258 7
206 133 3
327 244 8
329 185 9
211 188 7
53 45 6
387 341 5
41 260 8
22 39 9
258 229 9
303 389 4
147 389 8
18 7 6
125 267 3
342 188 10
44 373 7
279 103 10
272 180 9
31 54 1
113 137 1
80 20 1
311 255 7
250 200 9
383 56 6
21 287 6
118 298 8
385 112 7
184 318 10
128 374 2
349 266 2
112 346 1
355 390 7
50 106 4
96 0 5
232 70 6
319 251 2
153 203 10
345 245 7
88 233 8
259 303 1
63 377 6
272 142 3
171 162 7
286 100 5
20 379 4
19 202 2
295 272 7
149 146 8
97 254 8
33 248 5
352 371 3
367 167 4
32 196 10
331 195 6
110 146 4
61 248 5
187 31 9
161 64 8
20 275 6
101 218 4
27 344 3
21 158 3
352 221 8
174 238 3
194 60 2
86 32 10
97 144 4
159 45 10
160 251 3
288 359 5
9 373 6
277 367 8
358 103 10
207 322 5
378 371 3
161 232 6
150 158 5
279 287 7
188 329 6
72 97 8
56 392 4
15 165 10
304 120 4
308 212 3
339 293 1
49 210 4
41 57 9
248 135 3
0 372 5
272 127 4
170 259 8
316 27 4
264 288 8
78 313 2
307 185 9
162 87 10
374 396 5
299 38 5
160 121 1
192 154 7
99 123 10
250 80 10
210 218 5
52 230 10
236 112 4
221 187 5
328 20 7
162 254 1
285 359 7
385 53 5
194 0 5
10 122 2
89 361 2
174 146 4
306 395 10
185 301 4
156 280 4
16 211 7
240 179 1
151 336 6
387 167 2
367 268 7
367 287 9
113 211 1
41 172 6
154 50 4
356 236 2
58 171 5
348 191 6
92 208 5
398 87 9
206 138 7
393 50 6
320 108 6
183 40 8
196 108 1
214 84 10
228 328 2
35 261 7
257 65 8
178 395 2
131 90 6
352 240 1
290 381 6
329 59 8
165 69 4
160 50 8
215 365 5
72 385 3
103 362 7
48 366 4
323 120 8
391 50 5
385 74 4
3 167 5
189 187 5
68 148 1
293 148 9
43 382 8
252 244 10
393 388 4
300 392 9
97 246 1
70 12 6
328 103 4
88 305 1
219 163 10
100 29 6
398 370 7
98 341 4
369 91 5
24 166 10
292 64 6
22 195 3
386 184 3
326 150 10
327 208 8
186 61 7
388 378 8
371 18 3
383 83 10
210 98 2
200 149 7
140 263 4
390 251 10
305 93 10
366 219 6
12 203 9
286 327 9
276 319 6
296 27 4
387 232 7
65 41 3
262 222 8
260 333 9
174 33 4
57 282 5
394 82 1
146 64 8
184 383 7
270 348 1
267 309 1
292 287 5
255 27 2
206 92 10
366 370 9
247 324 9
44 275 2
108 254 10
56 311 3
69 258 6
147 16 10
191 216 9
44 264 1
253 190 10
346 227 3
360 113 2
146 22 3
180 193 9
350 247 10
186 283 5
156 228 7
144 308 9
395 39 10
283 164 8
111 108 3
113 94 9
330 191 6
339 209 6
55 351 7
217 113 4
376 44 9
300 12 3
98 143 8
155 314 2
156 279 5
369 307 10
128 15 7
181 138 9
270 118 7
40 395 1
313 333 2
391 61 6
146 301 5
55 231 8
199 295 3
347 260 7
168 234 6
108 0 1
373 160 5
140 172 7
244 153 6
166 281 4
206 256 4
101 333 2
295 368 10
384 185 3
101 27 10
164 117 6
38 272 2
97 369 4
232 385 5
39 298 2
262 304 10
145 188 3
99 121 7
229 165 6
140 383 7
303 175 2
193 132 5
124 344 9
308 88 2
313 264 1
23 332 3
114 212 2
114 8 7
318 267 2
118 113 1
373 380 3
148 374 6
327 74 1
35 130 4
163 136 2
133 231 3
133 27 10
86 269 10
315 121 8
175 165 8
308 225 8
277 317 9
52 12 6
16 362 5
121 102 10
219 165 7
219 310 4
274 200 7
34 315 1
135 287 7
130 252 1
118 379 7
40 128 8
300 336 4
306 318 10
76 214 6
319 111 1
352 167 3
141 194 8
148 275 4
67 114 7
283 212 5
214 140 7
334 11 9
398 124 2
389 382 10
9 90 4
76 5 8
0 11 9
216 388 3
347 374 4
25 78 9
116 195 1
195 379 6
82 348 8
119 239 1
117 95 8
1 165 5
151 56 5
237 302 3
74 30 3
249 199 10
33 55 8
161 249 10
173 125 5
349 25 3
230 368 5
216 24 2
180 313 7
87 289 3
242 208 5
385 91 1
179 215 5
397 261 4
270 35 10
157 353 9
214 123 5
262 5 4
57 375 6
381 147 6
118 305 2
384 398 8
141 259 8
158 115 3
331 254 2
310 81 8
213 330 2
107 171 3
73 377 6
105 34 4
298 73 6
374 45 3
306 73 7
321 170 3
288 304 9
318 316 8
334 98 3
299 301 2
50 222 3
160 37 2
197 142 7
208 80 4
270 299 4
88 309 6
164 135 1
279 268 9
128 244 5
368 89 8
355 397 4
376 285 10
336 238 1
389 282 2
331 87 1
376 394 8
225 306 2
110 340 9
88 36 4
5 41 10
142 127 8
164 394 7
159 142 6
183 158 2
0 135 8
236 257 2
17 303 10
62 165 4
388 88 2
375 353 2
32 119 7
391 207 3
58 47 5
35 69 3
393 174 3
172 190 9
342 264 2
83 162 6
70 117 9
265 133 4
128 369 6
275 46 2
106 236 6
29 10 7
143 259 2
363 340 6
47 162 6
217 123 2
226 55 1
206 294 5
87 386 4
265 103 7
302 252 8
286 1 9
277 167 8
322 208 10
236 282 7
151 265 4
119 96 4
250 296 4
205 228 1
121 298 8
287 328 10
290 209 7
0 191 7
177 345 3
96 276 1
260 10 10
89 197 1
117 39 9
129 349 9
231 230 10
246 205 4
88 239 1
323 62 4
257 99 5
153 131 7
153 240 5
27 270 3
140 248 10
17 216 8
50 53 2
175 273 4
186 18 3
98 146 1
365 357 9
279 332 5
73 203 2
118 266 1
115 174 10
256 186 2
13 235 8
80 152 10
380 226 8
348 10 1
26 244 7
191 340 5
229 289 7
174 62 4
270 385 5
271 141 10
262 155 5
17 294 3
61 291 1
252 395 10
394 292 4
152 162 7
230 167 1
46 65 9
248 346 4
103 182 10
240 257 10
74 392 9
331 57 7
254 180 9
370 11 6
114 149 1
18 150 8
149 287 6
308 62 1
86 92 9
255 209 5
260 235 10
144 35 6
317 282 10
17 199 3
146 240 5
0 270 9
330 302 6
262 144 7
223 2 2
224 357 7
161 114 5
43 391 5
309 204 2
320 360 2
394 201 4
36 227 10
322 49 5
2 166 3
326 12 8
139 339 2
377 80 3
237 6 1
291 241 2
363 160 5
176 312 6
67 383 10
378 337 3
251 333 8
339 60 7
352 272 4
0 165 8
65 73 4
189 312 5
126 287 7
108 15 10
141 261 9
292 123 10
295 361 10
348 233 8
251 351 3
236 75 1
258 45 6
136 166 6
219 177 10
298 61 6
17 64 9
64 363 1
311 74 4
241 40 5
140 210 5
137 224 9
40 87 8
162 221 5
297 250 7
54 205 6
365 372 10
164 240 9
168 109 9
235 322 8
25 107 7
258 262 6
319 248 5
366 182 7
37 143 2
66 312 8
151 282 9
208 63 10
388 107 9
28 349 5
20 282 3
200 173 3
183 284 9
31 34 8
147 369 3
200 214 5
296 213 8
79 234 4
315 134 5
393 177 9
374 299 2
102 325 2
332 237 5
59 165 3
55 245 6
145 204 6
8 299 10
284 140 5
389 179 6
296 298 6
271 293 9
211 159 8
89 124 4
283 167 9
321 319 3
259 159 8
394 97 3
235 19 1
18 154 5
65 278 1
249 233 8
249 112 2
360 321 4
334 286 10
221 125 6
217 39 6
261 213 10
5 26 5
39 255 4
326 341 5
18 125 7
365 55 1
180 356 2
83 187 2
21 183 7
116 146 6
149 331 1
226 362 7
209 66 1
102 119 5
7 69 4
307 254 9
264 78 3
306 142 3
246 86 3
350 31 2
295 7 6
40 86 6
16 21 1
156 173 9
356 95 10
308 311 1
248 218 8
265 304 3
75 129 2
187 144 7
326 13 2
310 240 4
350 231 10
366 369 8
40 21 3
376 214 10
294 396 10
131 242 3
17 121 3
114 70 8
186 219 10
396 138 6
20 51 6
136 220 7
116 70 7
337 58 8
259 127 9
293 386 5
36 248 3
154 379 4
396 127 7
218 142 3
136 389 6
230 395 7
255 42 8
255 102 3
329 20 5
172 78 6
5 6 8
163 273 8
65 120 5
202 221 7
322 148 4
43 311 4
62 55 3
26 226 9
130 276 7
53 363 5
306 219 7
11 388 6
219 293 9
393 61 10
172 398 1
12 273 6
387 303 5
20 158 6
333 110 8
346 348 9
181 167 8
204 257 6
382 192 6
303 6 2
297 348 2
13 126 3
359 315 5
50 320 8
73 376 2
376 102 10
17 383 9
196 111 8
120 1 1
346 264 9
126 18 4
111 286 10
307 85 5
310 236 8
108 326 9
83 364 6
279 232 1
374 301 7
33 26 9
97 303 10
349 59 5
256 276 8
329 90 3
153 299 3
21 50 1
171 186 5
290 355 9
372 317 9
277 342 1
161 343 10
328 278 7
246 272 8
340 289 3
328 112 9
277 21 1
371 322 5
298 129 10
72 372 5
382 339 5
218 25 2
159 109 1
335 90 8
260 348 7
328 208 8
325 203 1
199 81 2
302 365 1
300 16 1
22 368 4
161 344 2
358 96 2
41 250 8
171 306 7
162 242 3
90 368 7
129 348 6
336 50 2
371 192 9
267 123 9
2 20 4
168 29 8
130 97 4
304 63 7
177 87 10
170 107 4
205 294 6
68 394 5
111 91 9
192 114 4
278 362 5
185 99 6
321 99 8
146 83 3
349 336 8
50 208 5
396 96 4
326 42 2
181 261 2
212 257 6
318 14 9
30 88 6
55 17 1
58 267 7
147 342 2
373 172 1
174 25 4
45 41 2
15 244 1
193 52 5
120 377 1
313 398 8
225 143 3
206 308 1
70 37 5
323 219 8
320 278 5
227 299 2
243 330 10
153 23 5
140 141 10
197 85 5
396 34 10
149 51 1
327 181 1
201 295 8
272 24 7
206 303 1
168 4 7
6 128 4
2 207 2
296 278 4
307 378 4
261 86 6
294 346 4
133 364 7
273 173 4
229 368 10
110 48 6
242 62 8
182 109 4
353 310 7
265 222 1
266 99 9
303 143 10
344 73 7
382 65 7
326 0 10
350 115 6
185 228 3
362 30 5
363 73 9
156 174 9
50 344 6
